479 30 854
369 85 749
1679 61 6407
1368 63 4436
1715 36 8177
815 37 2522
1152 66 3683
1835 62 7589
1246 46 3572
171 72 299
671 82 1498
1206 47 3446
1309 55 3752
305 68 565
1528 76 6004
343 52 511
1318 68 4220
646 63 1584
1030 60 2338
1347 73 4188
140 48 213
1009 51 2464
763 66 1880
1416 63 5134
1838 45 7666
122 49 147
900 97 2166
653 32 1353
973 47 2359
1509 57 5520
884 74 2312
695 73 1453
1646 64 6330
364 56 538
380 40 692
853 42 1997
1046 53 2514
1445 86 5403
514 61 769
995 43 2486
1784 57 6582
1495 49 5250
1481 81 5427
1500 62 4928
1040 63 3069
288 68 543
445 61 730
1854 65 7710
1728 56 5926
1746 43 7839
451 74 977
660 72 1493
44 21 63
1780 46 7339
1407 66 4978
900 50 2077
1006 55 2379
327 69 701
952 75 2384
567 63 1160
537 68 1130
1118 68 3205
804 86 1971
684 62 1299
156 52 224
1069 66 3146
34 17 38
340 54 538
1255 56 3547
1116 46 2943
871 40 2009
269 59 366
490 84 986
1626 63 6320
1587 76 5746
535 49 798
1414 50 4872
1301 91 3994
1026 40 2641
1610 58 5938
1506 84 5261
878 40 2086
1135 67 3526
579 62 896
1093 95 2774
1557 70 5808
1100 77 3312
1449 77 5196
1788 51 6938
1962 66 8393
1325 75 4173
1854 63 8016
560 68 1167
1170 48 3223
1402 54 4225
1518 46 5525
473 34 865
519 34 924
1375 64 5337
1089 50 2540
1440 42 5557
1163 75 3624
1744 66 8502
12 6 20
1038 38 2737
1069 49 2791
1692 57 6349
941 69 2373
921 57 2010
1480 70 5379
1184 68 3744
660 61 1206
1737 55 7067
1561 65 5929
1146 66 3797
584 57 977
1656 77 6999
920 80 2223
773 58 1507
1002 51 2668
82 40 103
1677 88 6446
610 62 1147
990 44 2533
1266 45 3512
1497 64 6861
1382 67 4847
84 39 116
1798 54 7315
279 92 604
727 76 1901
1919 72 10416
417 61 708
413 55 681
1054 64 3344
265 53 430
1792 74 9248
1853 84 8487
1377 74 4734
402 86 838
785 69 2206
1979 69 11244
863 67 2258
398 58 600
451 57 724
353 71 685
1722 90 7791
1528 55 5441
1620 67 6111
347 47 555
945 71 2622
959 78 2523
194 68 338
405 71 795
1906 56 8231
1101 61 3320
814 39 2363
1622 38 5918
885 63 4149
381 50 1665
181 48 624
1882 78 9746
1692 74 9259
896 58 1896
1881 58 7582
1250 73 3708
1168 77 3502
937 35 3875
1616 68 11075
940 41 4844
776 41 3883
1943 83 27382
369 57 1308
1100 58 8379
652 66 1360
1903 42 10652
1525 77 6507
1400 50 5591
1306 68 4351
1718 53 7221
1847 39 25585
1077 69 3520
455 83 934
137 64 244
53 25 61
1508 35 5529
976 70 2899
1197 40 3893
1335 36 4791
602 46 1086
602 73 1347
1142 32 3621
1954 52 9388
390 68 813
877 49 1980
1224 58 4078
1415 63 5669
893 48 2613
1230 67 5014
475 78 1039
1769 76 8719
591 44 1348
346 54 732
1871 63 9767
686 83 1685
1507 74 6192
2000 67 15752
1222 63 5078
1215 71 12420
1024 41 8163
1204 55 9457
1775 67 21888
476 47 1931
1499 56 14965
901 78 6668
662 61 3104
1742 82 20733
864 59 4116
1106 70 7692
584 39 2158
618 46 2451
123 60 445
581 54 2507
1510 46 16551
517 72 2296
441 66 2211
1992 55 27701
1962 76 24919
1182 89 9532
974 70 5912
1597 78 15436
908 61 7413
1788 45 24710
1496 77 11681
1744 52 17630
1843 41 19973
1903 38 22155
1766 70 17857
237 66 943
966 88 5485
1285 56 9060
837 78 4732
1082 80 8575
1542 73 11622
503 67 1830
1840 56 11040
1128 67 3623
46 23 47
1883 48 9369
668 58 1361
1981 67 12101
19 8 33
133 64 254
1521 73 6485
988 82 2999
1464 67 6061
974 40 2507
912 61 2580
758 78 1893
1495 60 5904
1878 20 10724
551 44 1102
1787 68 9603
1515 77 6853
1609 57 7261
918 39 2962
505 51 875
1556 68 6774
1001 69 3134
753 61 1536
313 35 505
1438 69 5372
917 55 2131
842 86 2209
1713 86 7859
1927 65 9536
1104 90 3452
1833 58 9433
928 58 2112
822 51 1604
1242 72 4450
916 84 2304
295 85 569
268 25 442
2000 58 9905
728 27 1772
1640 56 9551
972 63 2888
824 71 2171
1967 46 9694
386 47 666
547 69 1141
279 38 382
867 74 2386
54 27 71
1131 69 3150
451 72 920
711 65 1674
428 41 672
1286 54 4010
1559 62 6657
1459 50 5081
496 60 779
1296 88 4309
26 12 41
257 68 467
1317 73 5283
783 63 1854
945 77 2257
1302 84 4645
1154 64 3598
70 34 83
155 50 210
90 43 105
1376 47 6633
1583 70 7252
795 58 1970
1761 69 8834
1366 48 4530
194 61 268
1515 73 5459
1956 46 10417
454 18 919
153 54 189
804 31 1885
323 79 602
1591 59 5786
1743 60 7108
178 52 267
1141 53 3213
1862 56 8045
242 48 331
1600 45 6844
1531 35 6036
1813 70 8026
456 60 699
667 54 1264
391 85 764
51 25 59
668 75 1485
102 36 134
956 57 2310
1835 72 8348
349 44 524
1131 66 3453
291 71 564
1451 69 5321
169 24 244
443 55 719
1741 68 8538
1597 87 7061
424 72 889
1661 72 7759
783 65 2000
1511 75 6477
567 76 1272
1897 52 8672
641 71 1479
71 33 95
722 60 1523
124 62 162
1470 39 5764
1989 101 9723
152 58 208
1277 69 4378
840 74 2031
1081 78 3073
1825 54 7537
886 71 2475
1632 67 7200
1163 64 3886
1392 55 4488
1012 64 3058
522 68 1012
368 80 716
1695 83 7387
1695 72 7882
1696 71 7655
1620 48 6518
1932 32 9693
1952 68 9923
1313 81 4604
1086 35 2864
299 67 580
1873 48 8684
787 68 1881
498 43 970
1415 51 5343
1160 64 4262
1912 66 10049
201 90 398
1883 73 10180
1738 76 7923
1199 97 3927
362 34 579
1534 66 6485
156 76 289
1651 60 5946
793 73 2000
885 65 2417
1734 43 7612
499 61 732
747 53 1430
318 69 599
611 67 1420
380 64 739
1682 70 7223
1011 73 2955
402 76 771
1348 78 4459
1136 45 3481
471 52 765
1648 57 7173
791 66 1908
1157 30 4397
672 72 1568
314 74 588
1517 69 6392
1561 68 6262
200 84 372
1763 65 8287
1816 65 8710
14 7 22
1932 50 9664
1649 61 6730
419 49 663
74 36 88
1384 61 4881
133 49 168
1476 59 6059
1198 67 4108
21 10 27
1719 53 7995
598 76 1288
1703 63 7774
1064 34 3021
683 43 1473
1203 53 3121
618 72 1257
49 24 67
1935 64 9303
268 65 511
1884 75 8960
1635 54 6170
1742 48 7478
1200 65 3796
1429 72 5606
902 60 1968
72 36 75
1891 61 8919
1499 58 5599
971 86 2631
1854 79 9457
933 55 2201
166 76 289
764 85 1887
1939 68 10716
1201 60 3749
840 18 2044
1922 61 9215
1454 67 5825
408 68 822
1243 80 3874
476 60 692
1962 46 10628
529 72 1081
501 66 1154
1694 53 6750
1299 60 4925
1084 88 2836
1478 82 5624
1354 50 4755
323 76 622
1081 69 3327
924 68 2647
1582 42 6449
692 80 1662
893 41 2330
1111 71 3716
145 71 235
1934 53 9296
525 44 990
769 60 1352
1708 45 8050
942 43 2505
1834 55 8238
1886 47 9893
549 60 954
461 87 947
1621 79 7664
1976 91 10957
96 46 178
661 60 1159
1665 52 7262
1942 64 9487
1957 58 10167
376 78 766
614 68 1435
1225 79 3972
491 69 1017
1168 66 3780
972 59 2065
172 65 303
456 82 921
1958 77 9906
911 40 2283
1163 72 3730
51 25 60
379 73 756
1113 58 2803
1037 37 2744
1080 70 3216
382 55 690
143 60 190
36 18 41
341 50 560
1109 60 2825
47 23 61
589 60 946
1745 71 7614
1053 70 3440
1702 76 7237
1298 56 4238
1036 73 3166
1204 54 3650
866 66 2263
533 31 1056
1234 57 3505
1931 65 9914
479 81 1000
676 81 1427
1645 67 7065
865 74 1973
34 17 41
904 60 1729
1563 53 6666
1590 63 6778
129 63 235
39 19 45
1700 41 7863
1996 60 10298
960 73 2900
1691 63 8693
598 45 1206
1165 78 4102
864 64 2755
1956 69 10765
1567 70 6244
1547 51 7729
877 64 2361
1453 59 10616
1184 60 3535
1583 66 7506
791 58 1570
349 73 672
647 74 1383
1676 61 6357
1819 28 8657
950 84 2495
645 59 1161
743 82 1690
107 52 135
1821 53 8299
659 69 1615
1032 66 3612
1074 54 3236
1845 46 20160
1513 44 23021
1148 22 9024
835 57 3306
1492 53 13710
903 50 4663
979 56 6617
550 57 2036
56 27 105
1637 65 14943
1859 74 19627
1722 85 15225
732 62 3477
1346 34 9632
1962 77 29586
571 31 3241
1274 42 12866
467 63 2475
914 59 5554
221 54 780
1880 52 26469
661 56 3159
66 33 180
621 45 2249
446 66 2201
916 67 5963
913 58 4623
1390 78 16341
69 34 402
1933 71 29664
1174 91 7642
66 32 198
1206 91 10303
1311 55 10825
1442 50 14510
1377 70 15284
232 89 972
1545 71 16832
1008 67 6951
1177 83 9509
21 10 71
278 66 1136
493 84 2038
754 64 3911
346 47 1740
532 92 3985
1541 57 18848
286 43 998
1871 88 20613
1896 71 21627
1767 71 20036
898 67 4867
97 48 183
675 72 2928
1933 61 22199
766 34 4394
769 52 3955
80 38 93
1165 60 10339
776 63 4205
801 75 4274
630 50 2288
828 75 4817
708 56 4512
585 81 2677
527 43 1878
329 65 1318
342 68 1432
1136 73 8075
182 72 642
1949 73 32426
1132 42 9106
1935 32 25816
988 74 5142
1789 56 19230
489 70 2160
124 60 341
1694 44 15665
1504 71 14076
1287 85 10147
1191 69 8864
1375 81 10785
1182 75 9237
1677 77 16865
70 34 224
1529 50 16134
1344 63 12600
1647 64 17424
1479 55 13210
99 47 247
1915 71 18842
1194 77 7901
22 11 26
1819 60 19874
33 16 28
1192 75 8805
1810 55 23147
855 78 4703
1671 78 17710
1918 56 25481
997 69 7403
1432 85 11482
1105 46 7602
1554 76 14769
348 82 1448
757 74 3671
930 68 5151
269 40 833
1651 70 15551
1028 63 6936
980 57 5045
978 69 5917
674 65 3215
1264 49 11797
942 69 6903
507 66 2396
828 59 4165
31 15 34
1600 77 19453
1800 71 24270
1057 74 9672
230 54 607
1951 53 23069
1290 54 10451
790 49 4225
428 43 1740
55 26 64
1087 68 7357
959 73 6544
124 62 441
1003 40 7988
94 46 295
1384 84 11858
1493 58 13242
641 75 3026
1317 76 9855
1373 52 12650
157 77 579
494 68 2025
1288 60 12881
149 62 379
970 75 6022
1307 60 9862
114 46 254
1722 64 17517
839 71 4689
456 61 1380
1595 57 15738
986 40 5958
1596 61 15619
1803 84 17508
506 66 2313
1086 59 5886
1289 76 9616
773 66 4170
1607 72 15244
1852 29 21952
668 56 3210
640 88 2708
1197 62 9674
573 45 2286
264 65 1061
808 77 4421
167 43 391
1673 77 17609
657 77 2966
280 63 1007
1199 86 7876
1930 73 21821
1262 59 7846
825 53 3148
1090 39 6405
424 53 1140
37 18 43
1092 48 6042
1151 68 7212
1738 74 16134
237 78 829
613 71 2745
1693 54 15876
664 76 2986
842 70 3884
66 31 169
1247 52 7566
1862 60 17360
1260 61 6995
218 58 449
1327 67 9065
1611 47 13226
1583 33 14695
1391 34 9895
1138 51 8343
1935 80 20940
1608 63 14432
941 79 5319
469 71 2014
402 24 1547
1213 57 6903
1591 48 12806
1725 41 17885
175 57 666
1688 76 16014
1324 59 9355
607 91 2791
1556 31 14233
280 74 921
58 29 151
1759 59 16538
1548 41 13056
882 64 4735
996 67 5323
1312 77 9829
975 57 4636
398 52 1238
1439 53 14616
767 43 5566
275 74 1132
1229 58 13039
72 36 242
1354 75 16314
1978 56 37282
1766 64 27802
219 66 1221
1537 60 19590
1397 71 17083
920 61 6487
661 58 3446
1752 47 29491
552 52 2663
1583 64 24494
1116 78 9493
628 94 4336
172 77 829
1960 77 31431
553 79 3657
1753 78 26205
213 50 1007
1456 75 18893
982 86 9176
1981 25 36974
1001 65 9441
56 26 143
805 65 6079
1606 87 21973
261 70 1464
196 59 777
436 69 2625
172 76 896
1977 73 23522
319 69 1320
1914 63 21412
468 64 2121
1546 70 17268
1016 63 7236
1182 58 4094
735 71 1719
1376 66 5303
1020 66 2876
646 70 1406
910 53 2301
20 10 28
419 70 869
774 40 1895
1924 44 9660
1337 56 4115
1331 74 4446
552 70 1237
1881 74 9225
1944 59 9139
1566 62 5724
1628 72 7313
337 47 549
481 55 785
640 69 1399
1736 43 7694
578 49 1054
1815 48 7955
798 64 1850
647 67 1542
1179 81 3759
1373 60 4235
1809 42 8090
618 55 1250
1902 86 7718
1022 73 3108
1331 70 4626
412 78 838
1857 91 8666
140 64 251
1458 47 6065
852 66 2566
986 50 2893
1297 64 4663
170 26 222
497 55 847
1306 83 4245
578 53 974
697 87 1476
1946 60 8631
1502 50 5054
1595 64 6320
1400 81 5131
818 53 1945
1248 67 4297
1300 79 4191
985 46 2580
72 36 81
1087 43 3014
473 51 863
1978 38 9841
171 65 318
1400 64 4816
1091 76 4198
1711 57 8998
148 72 289
1443 79 5348
1161 71 3753
1397 69 5033
1780 58 8470
784 53 1617
1904 56 8894
270 58 580
867 51 2281
1102 79 3339
1589 62 5887
727 54 1360
272 82 508
1425 83 4928
800 67 2052
448 68 869
1868 58 7798
1023 76 3203
799 68 2004
775 75 1804
1601 57 6211
234 80 443
410 47 647
1186 62 3505
1522 71 6202
336 58 539
705 43 1502
832 54 2010
476 92 1150
1216 68 3820
985 74 2356
1127 55 2859
1720 58 6865
1792 53 9639
490 86 1171
1393 70 5909
958 52 2693
261 63 505
1159 42 3698
1903 85 8980
495 74 1014
1607 40 6521
162 47 233
1581 56 6636
702 79 1593
958 56 2280
445 28 870
1937 64 10403
1229 88 4406
563 59 896
184 70 352
1071 34 2869
1319 60 4151
1774 78 8055
1356 64 5091
1546 70 6226
1144 76 3890
1329 51 4542
1117 72 3321
1030 75 2462
713 35 1510
1238 52 3562
1494 62 4625
1951 62 9168
1923 54 9974
1449 60 4947
1820 81 7655
61 30 70
1983 76 9847
1816 60 9289
1983 72 23047
1326 67 13179
1913 75 27212
388 62 1052
1597 36 20936
1486 47 19571
1458 79 15020
1772 77 27328
282 87 1001
1273 65 9598
777 67 3549
794 79 3462
815 74 4288
1345 95 11286
1201 61 8273
1529 53 17199
784 75 4035
1013 55 6051
482 60 2070
1862 80 22035
1408 56 15694
209 87 829
1464 63 16419
1403 67 11834
108 52 149
1647 66 14293
113 56 278
995 52 8857
395 56 1387
1389 44 23834
921 85 5461
1411 66 13678
822 67 4745
901 75 4898
888 65 5280
106 52 365
846 74 5319
930 62 10308
883 66 5090
1710 85 18465
151 59 203
922 65 3129
913 77 3128
1853 52 10167
54 27 75
1961 62 10993
1942 73 14571
801 91 2676
713 25 2289
1340 69 6243
