274 54 462
1954 79 9563
1044 61 2638
1250 62 4091
1116 89 3948
775 41 2218
1672 41 9413
1897 73 8521
345 46 516
415 66 806
1014 49 2483
1087 67 2930
1667 69 7132
1587 44 6518
1859 77 8795
1850 73 8771
1351 69 5887
1788 60 8870
116 86 197
883 81 2207
734 80 1827
1706 83 7135
1582 65 6605
487 71 1128
1068 76 3402
29 27 40
1417 61 4479
204 75 379
842 72 2129
164 80 315
1434 63 5530
1913 56 10345
621 85 1496
1187 58 3464
933 56 1850
1640 61 5975
1045 64 3109
1433 36 5628
1386 68 4944
566 55 1011
1820 53 9905
1710 75 7386
1485 54 5285
1691 32 7256
1770 68 12660
452 63 1991
425 38 1718
90 68 233
1572 63 15665
1075 69 7816
875 69 4666
409 67 1912
1440 68 11338
1964 76 8858
1327 72 4697
1985 50 10473
390 60 567
612 72 1318
218 91 433
624 80 1350
1405 59 4560
921 56 2360
1137 78 3975
1980 55 10297
428 60 687
541 66 1215
676 31 1586
857 50 1747
802 54 1859
1894 64 10589
157 61 213
1595 53 6492
958 71 3176
860 57 2209
1874 77 9120
178 91 361
560 77 1456
634 67 1593
626 63 1408
1534 46 7718
828 63 3698
1324 74 4426
344 55 543
59 51 74
1014 43 2659
912 73 2445
918 78 2434
159 58 233
1337 73 5240
367 55 644
1410 63 6171
27 21 30
353 68 722
41 35 46
726 64 1795
10 10 8
1904 37 10156
786 64 1913
888 59 2201
1605 79 6219
1987 64 9923
166 86 307
440 61 721
206 77 377
1033 62 2530
326 46 494
1498 55 6007
807 66 2057
73 65 109
1104 76 5542
735 62 5308
1819 80 22144
515 59 1758
1682 80 18085
1720 62 25451
405 81 2519
1092 48 11890
839 71 6699
1397 78 18282
1097 51 9374
1277 36 13523
1483 59 15775
387 59 1664
1536 60 18044
430 53 2266
174 61 706
1530 43 22339
507 71 3400
648 59 4215
918 43 8058
1012 66 11014
952 72 7471
742 60 3962
482 59 1800
1915 38 22654
667 71 1724
643 55 1366
908 64 2752
1183 61 3629
1523 59 6822
119 46 173
1058 73 3569
1996 59 12180
331 63 897
951 52 6019
1547 61 7119
1368 51 5047
1652 59 7026
469 46 862
1705 64 16828
64 48 67
297 51 408
8 7 8
612 53 1146
302 60 413
90 52 119
80 57 105
478 77 953
627 81 1417
460 73 896
158 70 278
596 74 1250
726 23 1800
1084 53 2842
200 44 285
1533 65 7319
1336 93 5187
796 62 2979
1036 63 2994
1344 62 4689
743 48 1737
1350 67 4985
1168 83 3989
1320 56 3989
924 44 4198
1772 88 11798
714 68 4299
1777 58 10306
265 42 386
1850 80 9207
1073 63 3399
81 61 100
269 83 496
1438 74 6134
1940 55 10312
9 7 12
1843 65 9945
400 85 908
1398 43 4913
617 56 1089
1804 85 8520
333 36 599
1465 73 5483
189 69 365
289 58 428
1854 73 8113
1228 66 4755
1328 83 4805
591 58 1085
21 18 23
683 47 1272
425 86 821
1943 68 9081
399 47 643
219 61 336
663 65 1757
1589 47 7251
1362 93 5284
870 72 2464
821 76 2083
799 105 1768
1602 68 7214
1549 83 6259
1543 72 6661
1318 72 4314
158 71 348
996 46 2429
840 66 2015
495 67 1032
1421 63 5638
1586 42 6828
1403 42 5244
1349 55 4469
891 63 2461
1205 52 3428
545 68 1137
158 82 270
370 68 747
1578 76 6248
95 74 167
1605 86 6700
267 64 513
670 62 1215
310 85 586
1927 94 11142
1209 76 10749
348 85 1551
584 72 2676
742 52 3623
1984 79 27887
319 43 985
12 12 13
480 70 2159
1571 67 19116
1004 71 8892
825 66 5606
1640 39 23289
964 73 7927
983 68 6662
879 70 8781
462 81 3115
1868 36 32309
461 82 2307
1219 58 9569
1335 62 12480
1944 78 26223
868 31 7413
1173 80 11612
1124 85 8317
633 68 3778
1989 75 12659
1851 72 10480
195 66 357
534 47 1015
382 52 599
1347 56 4725
860 82 4166
1758 76 18261
593 68 1255
1449 79 5379
353 40 524
1673 69 7231
1459 65 5132
1923 71 9483
345 71 664
487 72 1036
1403 83 4965
557 56 881
1266 70 4392
805 23 2001
1100 63 3474
1925 92 8809
713 76 1623
1689 75 7288
888 67 2293
1011 57 2463
1609 71 6345
432 64 889
1132 51 3280
797 54 2112
698 58 1807
123 60 204
573 72 1403
539 76 1222
1332 59 4665
383 59 657
1856 61 8620
1292 59 4645
1388 63 6372
537 63 1159
1823 63 10102
282 62 420
1801 64 24184
9 7 9
1549 42 6484
1310 74 4530
800 54 1946
951 105 2609
824 63 2594
169 49 235
1214 51 4297
1127 53 3551
156 37 221
871 62 2011
1805 80 9346
1690 66 12777
324 57 759
1282 72 5139
431 62 1206
1512 56 8998
267 64 625
573 62 1412
924 66 2781
1523 85 6353
265 93 526
155 77 294
1058 60 2903
1318 65 5265
636 58 2716
743 66 2058
952 59 2173
1073 44 3497
579 42 1283
1684 62 8454
1819 61 8281
174 39 241
896 69 2357
995 73 2818
374 68 765
1624 53 7059
588 63 1403
33 27 37
884 43 2095
78 58 93
757 35 1635
1696 34 8477
633 75 1415
218 51 278
892 51 2003
626 41 1230
46 42 60
432 50 664
1914 65 9478
589 61 961
940 59 1978
1074 94 2720
408 50 677
609 64 1339
113 56 139
1958 62 11151
389 71 1837
678 60 2475
405 42 1543
825 74 4932
417 56 1136
1412 70 12727
15 13 186
1837 47 21437
381 65 1178
1710 75 8670
381 26 778
1811 52 10450
1504 76 6691
617 74 2629
774 55 2219
1888 60 10646
1273 62 4072
90 54 135
1912 41 9909
1859 43 9591
750 61 1824
1786 67 9119
1757 61 8114
806 50 1772
1285 56 3664
1016 71 2658
1399 76 4661
1941 68 8678
525 55 869
77 68 131
1653 54 7760
537 59 960
1503 33 6074
556 62 872
1373 57 4504
937 71 2510
1724 43 8095
142 56 184
547 79 1176
1983 74 10156
800 65 1982
1982 76 14556
326 67 615
1113 77 4197
1251 78 4583
1035 55 2827
840 66 2395
845 75 1955
1773 64 7587
422 65 857
351 63 665
1121 63 3540
258 53 358
181 76 310
1866 39 8368
1178 64 3559
195 46 261
636 61 1094
1902 54 11366
239 68 450
1615 66 7516
1170 88 3513
769 78 1656
873 73 2298
1750 65 9594
1994 37 12605
1245 46 4936
217 61 305
1429 58 4791
1014 67 3031
1533 57 6992
1562 64 6235
35 29 38
332 79 648
333 77 649
1150 58 2951
266 49 397
1526 56 6013
1881 77 11695
1807 63 9989
684 80 1611
1678 30 7700
1355 69 7207
1761 56 7848
617 68 1335
1068 48 2883
1775 42 10276
50 44 78
1692 77 7167
1967 47 12647
1162 54 3947
1651 56 9731
365 38 668
1855 76 8629
950 79 6045
1420 43 7058
262 51 482
594 75 1353
1191 65 3859
688 43 1426
780 50 1735
1072 62 3135
1860 82 10735
1096 55 3082
1326 84 7886
1359 63 5239
1184 89 3643
171 47 237
947 63 2853
1523 76 6174
1962 56 10086
212 72 392
139 56 168
101 59 119
1040 50 2593
1550 75 19611
1232 63 8628
1424 78 6977
1129 63 4771
1218 74 5460
969 48 5459
1861 42 20837
135 59 167
266 84 532
17 14 17
370 79 801
1995 48 11407
853 72 2732
447 59 814
1006 69 3599
32 30 38
1042 66 9729
1382 38 10104
1103 46 4065
1793 76 12377
1670 77 9979
777 32 2502
1745 73 12230
1348 51 7003
176 58 275
765 40 1830
501 64 1082
1103 52 3261
989 56 2934
893 73 2361
989 77 2810
140 79 255
1016 74 2922
749 45 1868
1129 63 3919
218 52 299
1523 53 6707
425 43 722
399 46 1215
893 57 3749
1573 50 6279
1908 87 10932
324 72 633
283 41 430
1157 64 4187
746 88 3576
11 9 12
388 64 880
1018 67 3214
1323 66 7099
1738 70 9283
1630 57 7168
1868 69 8736
1369 71 5181
1557 67 7055
878 32 2353
1803 64 10799
1987 58 10698
1241 69 4917
1050 46 2873
113 65 206
512 89 1019
936 75 2639
458 66 921
1454 53 5097
1730 73 9749
1996 59 13159
461 74 1269
554 66 1340
691 73 1941
1517 60 9144
594 90 1379
361 60 639
754 68 1783
12 12 15
1420 61 5127
1821 75 12909
1281 70 4818
1223 44 4456
811 64 2013
1657 75 16799
622 73 1367
1466 72 6494
419 51 641
1381 74 5103
1849 67 8853
1774 45 9816
1988 71 10770
1251 60 6079
1799 53 8387
455 51 832
1115 68 4143
456 82 2297
1914 79 10598
1390 69 5282
676 77 1492
1830 41 8552
911 27 2912
1382 57 4777
819 82 1866
906 57 1890
1281 76 4291
97 33 135
809 52 2144
61 55 71
274 43 384
1578 89 5820
1922 63 8581
496 85 996
13 11 14
648 69 1430
1558 65 6066
503 57 782
1838 74 8450
87 66 163
1715 69 7691
1014 50 2606
1603 61 6610
1272 46 8575
134 65 700
32 26 36
626 63 2301
797 61 1706
1122 95 3251
69 58 74
803 56 1614
1403 77 5410
1363 91 5057
34 31 40
299 55 480
592 54 1155
97 64 155
956 78 3001
387 68 780
1973 62 16370
41 33 93
734 80 1920
444 54 762
1951 69 10413
781 35 2048
1316 75 4818
273 63 511
1377 60 5292
931 57 2441
133 60 189
1993 55 10556
362 52 611
142 61 327
650 49 3555
94 70 419
464 80 1648
378 93 893
1335 72 5496
89 43 113
1421 57 5452
1230 70 4759
767 58 1650
1689 53 7074
143 72 267
355 68 679
532 75 1091
14 13 22
1573 64 6442
773 52 1641
1653 54 6691
800 31 1955
777 44 1790
1769 53 8333
1260 65 5661
386 55 721
362 54 683
1696 63 8297
274 69 537
375 57 551
1326 51 4598
1483 86 6662
1779 83 8553
1884 50 18582
370 68 1966
333 84 1026
1641 66 7623
602 64 2641
274 70 1019
543 80 2912
619 34 1729
980 74 6667
394 87 812
481 80 908
678 88 1414
1182 91 4324
1357 65 8876
96 34 125
351 66 750
538 47 1023
439 45 792
1999 70 13083
1834 64 11334
1951 66 9155
1921 67 9481
908 38 2218
1243 66 4640
771 75 2050
1198 64 3788
682 82 1443
489 21 929
757 72 1764
1731 47 9921
841 65 2265
248 67 500
979 41 2647
878 64 2308
675 81 1519
204 90 379
1038 50 2724
678 65 1647
1985 52 14397
1125 75 4298
784 88 2377
644 84 1590
1897 76 18010
1770 48 8177
1188 83 4202
110 45 126
1373 69 10061
799 35 1915
638 63 1634
776 60 1612
463 50 753
415 69 806
493 64 1167
1539 78 15268
1553 45 5925
1095 74 3269
1085 67 2969
28 24 42
412 24 901
925 36 2294
1763 77 9300
647 63 1502
507 72 1005
1693 83 7105
486 55 791
1428 83 5476
583 62 995
1472 47 5116
1467 69 5895
1125 54 3032
1244 62 2995
1644 59 6085
23 19 22
247 58 358
1200 69 3486
1537 64 6313
156 36 228
1260 48 4139
1511 38 6558
163 75 328
1256 61 3775
1567 75 6360
744 76 1911
1020 49 3011
248 59 339
1338 61 4129
619 60 1088
849 58 1717
1789 52 8885
291 74 656
1139 61 4197
1737 68 7995
1473 70 5355
86 49 112
891 66 2529
486 64 972
21 19 24
1907 75 8907
31 28 129
956 91 2876
1554 49 7100
834 53 1789
1983 60 9284
343 82 749
168 42 238
280 54 431
1375 61 4412
1929 49 8894
550 78 1118
559 66 1243
171 58 238
1791 66 10903
480 46 942
621 79 1520
1945 84 12119
988 64 3099
434 74 1497
243 55 384
1079 65 3489
1932 48 10599
1429 60 6042
1103 34 3498
354 41 580
288 56 457
1305 49 4274
1285 51 4029
860 56 2091
136 56 173
1521 63 6080
608 52 1043
1261 23 4161
136 66 244
350 51 572
369 63 696
1319 45 4128
332 59 516
233 71 442
96 67 155
548 54 1069
1385 36 6095
1438 78 4927
1179 54 3310
174 65 335
29 23 34
1308 53 4323
1428 72 5232
501 37 1022
418 73 820
563 58 965
1144 62 3145
947 65 2687
240 60 480
617 67 1570
1704 72 7111
1302 74 4588
1138 39 3345
871 64 2192
1199 63 4260
1116 61 3379
1547 60 5771
56 48 82
1961 69 10166
68 43 88
649 72 1388
1232 62 3470
798 75 1867
1092 68 3391
1479 44 5442
891 73 2316
1534 56 5612
39 32 56
1434 62 5268
243 54 354
1198 63 4294
812 42 1643
1876 87 8270
1881 67 9887
1899 71 9056
116 82 211
493 64 1088
1819 67 7892
886 76 2546
379 66 831
347 92 669
208 54 282
374 50 623
523 61 788
891 56 2113
587 65 1443
39 34 48
1303 52 4256
8 7 13
1548 84 5511
1379 76 5480
644 82 1443
871 49 1981
1381 73 5115
645 79 1596
1851 74 8384
1594 48 6440
1060 75 3513
1230 51 3456
1933 67 8635
1735 71 7268
430 65 924
1364 66 6274
639 77 1335
114 66 193
902 70 2350
622 65 1434
1588 43 6229
841 63 2237
913 89 2188
551 29 1124
114 79 195
513 31 1041
1609 26 7075
1450 50 5419
746 58 1655
602 68 1266
335 67 614
333 65 639
934 81 2104
850 70 2007
793 73 1853
509 79 1052
357 26 673
1649 63 6682
677 85 1440
170 51 228
1640 40 7231
986 78 2454
259 68 495
383 82 751
1708 58 6822
715 33 1456
228 76 413
986 52 2399
1822 41 8047
1638 53 7664
518 66 1072
639 68 1529
1860 50 10116
1209 65 4086
1820 39 9157
1720 53 7889
604 66 1496
1223 71 4346
311 65 605
1273 65 4521
999 85 3157
1677 68 8631
1553 59 6330
640 56 1185
1471 63 9098
243 56 346
401 49 737
540 90 1102
1504 87 6112
656 37 1398
1062 67 3253
504 60 757
1088 68 4708
795 46 2281
1418 74 7002
488 56 925
88 57 293
1395 59 5794
929 61 1887
112 65 186
519 61 887
807 68 2315
579 42 1095
1372 89 5191
1434 67 5134
1652 72 11867
865 40 2777
1666 72 6542
1520 30 18759
1799 65 7630
1118 74 3361
546 67 1176
1413 84 4611
21 19 24
466 50 694
1859 56 7899
1967 45 9077
659 49 1292
1777 69 7952
203 54 517
96 84 186
1007 89 2902
1430 83 5411
469 57 718
116 44 150
1847 77 9194
207 61 344
607 66 2007
756 44 1580
1810 68 9192
584 56 1092
973 59 2450
1026 44 2620
359 38 602
1934 66 8954
611 58 1488
1433 73 5346
1553 51 6120
1262 70 6947
158 74 301
639 72 1498
1411 71 5113
1079 66 5637
1166 65 3934
1575 51 5965
1645 50 7037
888 31 2968
1490 76 6275
1185 71 4019
259 69 477
514 67 1108
188 63 332
1471 56 5140
116 72 211
979 92 2610
312 75 614
1959 50 8266
35 31 38
1808 56 6790
294 75 566
777 69 2060
1529 70 5840
1501 84 5323
1988 77 9291
1733 73 6527
690 32 1417
316 85 592
1526 76 5375
1150 51 2991
831 64 2021
1043 46 2740
1523 65 6008
9 6 8
228 55 313
751 71 2020
1992 61 9297
1663 50 6403
1535 72 6126
