940 83 2537
1601 49 5727
1720 56 8557
235 49 345
658 31 1563
1286 62 6862
1881 55 13436
71 58 177
712 47 1912
823 70 2620
575 65 1384
1711 83 15836
1731 62 7409
472 36 2345
724 80 2101
313 30 540
1139 68 4786
53 45 69
826 60 1991
197 70 376
86 53 136
1030 70 2829
1035 62 2975
547 86 1187
1838 58 9474
288 83 1556
1609 48 7171
1365 48 4790
528 73 1145
222 52 303
57 42 59
1548 72 5883
1460 86 5680
36 49 44
909 73 2520
731 61 1594
771 51 1981
8 11 15
309 64 593
1126 37 11617
293 60 618
205 77 367
720 91 1595
1051 73 3591
159 61 199
832 70 2419
386 86 1072
1556 65 11138
621 57 3268
505 63 1763
725 86 2084
1200 64 4558
1456 46 6152
629 65 1713
111 71 206
1348 59 4586
1295 53 14079
538 54 1609
1000 63 4851
127 53 175
678 53 1441
298 61 447
1969 79 9152
829 42 2014
444 41 821
84 60 105
1708 78 7190
1354 64 4537
825 50 1786
1476 78 5400
1761 53 7316
935 61 2417
1874 41 8192
1974 60 8466
1415 68 5272
789 62 1540
143 40 190
972 67 2808
1531 77 5967
478 68 955
1068 53 2696
325 45 612
1658 63 6702
1889 58 9406
568 75 1238
1129 66 3661
590 50 995
422 71 833
1656 48 6931
1779 59 7993
1739 62 6948
1484 64 5785
1936 74 8984
1244 31 4155
292 57 414
720 74 1684
1233 76 4031
1014 66 3042
162 48 226
1525 70 6165
73 36 91
151 53 202
746 67 1895
54 51 67
79 55 95
1569 79 5649
1576 63 6184
1051 43 3013
489 60 683
1956 70 9075
610 68 1305
331 47 532
621 37 1275
1330 79 4558
1976 23 11290
46 53 66
1095 62 3053
921 72 2517
324 45 571
1819 61 8146
1216 79 4056
1540 66 6205
734 79 1750
1057 59 2629
899 74 2671
715 52 1488
1320 78 4313
1620 54 6608
1479 46 5162
301 52 436
237 55 327
1741 49 7479
757 55 1576
377 68 770
292 61 404
1059 79 3082
1462 71 5251
580 58 1007
607 55 1133
133 77 225
1950 70 9889
192 59 266
902 64 2202
138 69 239
1557 54 6113
433 56 708
270 52 368
262 54 372
1279 68 4214
1737 65 6795
1640 72 6673
345 69 682
695 56 1284
1064 68 2724
1277 80 4399
1846 66 7615
1423 53 4960
233 71 441
805 74 1849
1572 68 6250
270 67 487
1012 62 2417
756 56 1446
1236 32 4332
1836 66 8538
1374 71 5046
1604 78 6735
1561 46 6436
1021 37 2639
1085 66 3250
1179 76 3830
1496 84 5674
1259 58 3516
1403 68 5156
1435 78 5535
964 57 2412
1250 77 4634
1240 60 3302
92 27 110
421 74 843
662 68 1555
617 71 1347
1584 53 6073
382 43 628
127 63 243
1057 71 3884
701 63 1936
1931 76 11775
1912 60 10679
531 49 883
980 68 3252
673 35 1668
74 58 95
1616 53 7246
939 53 3760
1922 64 11517
730 70 1906
973 53 2413
1115 34 3519
425 42 1145
1066 59 3165
1160 74 3564
998 57 2804
1820 59 8677
155 67 308
1919 75 9200
33 40 35
530 68 1199
382 82 893
408 35 780
1309 54 4287
1587 74 6953
228 92 478
1335 64 5415
69 41 82
1677 49 7018
385 68 799
923 59 2262
348 66 707
940 90 2337
1936 42 10099
1883 75 8241
99 79 185
1626 52 6780
633 69 1387
221 58 296
1610 57 6545
963 39 2564
1078 70 3360
1063 50 3082
739 74 1843
524 61 1017
1849 48 8045
580 51 980
168 51 247
933 78 2427
1746 56 7543
1109 61 2746
462 51 778
1305 45 4111
1727 44 6881
1602 65 7025
1329 68 5085
264 59 394
477 92 955
1414 24 5122
1526 49 6611
1249 45 3994
1236 53 3528
1649 62 7003
238 75 449
1110 73 3745
952 56 2342
1527 35 6735
377 38 668
566 72 1228
1841 72 8724
1351 45 4489
927 55 2248
432 35 683
1030 75 2762
298 53 438
1607 65 6780
465 41 790
546 76 1227
1508 53 5268
1504 63 6348
1233 61 3216
693 49 1522
584 47 995
130 77 266
1994 81 10753
1068 67 3137
1385 50 5101
1709 49 7414
1073 54 2747
1487 50 5835
1302 55 4244
1176 76 4236
1970 89 9050
445 74 872
1165 46 3474
955 86 2400
1739 70 7733
21 29 31
1467 79 5091
1361 66 4876
1957 70 9949
758 46 1646
1103 70 3601
1570 64 6670
1084 76 3462
348 57 504
1038 87 2915
913 55 2370
464 69 944
1882 57 8697
671 44 1410
849 61 1841
729 53 1435
170 79 295
745 43 1519
1589 72 6391
1895 73 8998
1377 69 5227
453 73 936
173 58 238
12 15 13
538 56 960
55 46 66
1789 45 8985
1897 61 8540
1066 63 3548
515 56 1211
985 55 2990
825 58 1878
1420 63 6058
1393 74 5634
788 49 1706
317 51 466
269 60 399
61 65 111
1951 63 9477
1671 78 6860
1839 81 8576
360 76 700
1474 78 7037
899 55 2226
1256 68 4429
1474 74 5813
779 30 1795
512 64 1174
303 86 607
80 75 129
1207 77 4023
146 82 277
1275 44 4050
285 65 527
876 67 2360
1261 58 3803
1888 65 8684
1294 60 3771
612 84 1242
1658 60 6320
581 50 954
1226 67 4174
294 68 559
1668 63 7036
1203 93 3578
1293 65 4885
1378 77 5431
1936 85 9126
1426 67 5355
529 41 1185
341 64 710
1299 59 4270
980 73 2933
520 65 1086
477 52 875
1451 68 5615
1972 55 11193
1883 37 9257
1972 48 9050
1196 70 3919
543 83 1112
900 86 2215
1408 78 5195
362 78 818
1809 37 8971
516 82 1063
1104 68 3380
1771 65 8061
369 78 761
638 85 1302
1685 74 8023
1140 70 3721
242 74 480
730 70 1992
1761 38 7756
978 62 2427
1599 64 6972
1898 72 9247
1400 59 4854
361 80 713
1899 52 9358
584 72 1382
1998 49 10287
756 80 1886
1207 31 4385
439 41 867
42 40 47
213 50 309
1695 48 6154
713 74 1763
672 79 1408
277 46 383
1026 37 2896
334 57 505
22 26 25
1148 59 3227
293 60 414
1068 63 3351
1218 72 3860
1554 50 6450
1062 66 3585
994 59 2583
248 34 377
312 49 453
111 58 154
464 52 1058
91 75 157
1360 67 5800
1715 86 8336
215 65 444
100 53 133
383 55 697
17 24 18
1265 49 3873
1408 71 4970
324 56 485
739 62 1379
1266 55 3810
445 72 901
802 50 1764
86 45 109
1722 86 6830
829 55 1897
353 45 578
1192 43 4034
802 67 2134
700 43 1680
763 68 2441
292 73 558
199 60 273
513 59 860
1990 67 10565
599 72 1305
483 59 715
1449 75 5410
960 32 2665
533 80 1063
688 78 1611
234 78 491
375 81 788
1874 67 8537
246 62 402
135 44 166
1676 68 7009
1617 59 7339
954 60 2229
1188 77 3965
1745 69 10349
1709 57 7484
85 65 143
1521 70 6805
33 39 38
388 68 825
264 85 493
1084 74 3231
28 31 32
1897 52 12872
1779 53 14070
313 76 628
80 49 94
1489 56 6058
1458 63 7166
858 51 2023
1632 40 6826
204 95 1523
1380 56 6976
570 80 1210
1771 42 10463
1213 44 3603
1697 81 8231
13 14 18
1778 68 8448
893 73 2692
32 37 48
889 73 2429
540 69 1173
1396 50 5012
1962 74 9853
382 88 754
1060 45 3018
1067 66 3547
748 89 1630
310 63 569
1787 57 7738
702 83 1527
1701 57 7046
65 50 97
1945 72 9438
1893 43 9365
979 72 2707
1935 63 9297
1432 69 5907
924 80 2481
567 72 1230
1642 72 6802
505 41 1022
1453 76 5377
1227 48 3588
466 80 970
435 47 647
1457 61 4738
1727 73 7841
1885 57 8248
992 80 2505
1714 62 6825
374 58 612
8 9 8
1420 78 5441
1230 76 3933
1175 56 3012
177 61 245
122 54 164
1411 69 4928
723 85 1794
756 51 1598
1183 42 3676
1578 46 6129
32 43 36
218 60 327
792 55 1689
899 69 2307
234 78 414
421 69 836
1444 56 4927
953 66 2953
194 58 259
1766 72 7394
521 73 1080
1492 53 5332
1869 38 8761
1271 74 4110
1113 58 2804
360 75 699
428 41 792
879 69 2123
1491 68 6358
78 63 136
1525 26 6525
898 71 2509
347 34 508
694 83 1555
628 75 1290
1626 68 6969
837 53 1878
449 81 881
1935 83 9159
1189 65 3771
158 53 198
269 47 406
1166 74 3750
1970 74 9779
1372 50 4383
1219 65 3982
1639 69 6915
975 81 2532
1971 51 9852
1819 77 8424
1553 34 5948
739 62 1446
464 51 775
870 67 2216
270 66 596
1159 54 3121
815 73 2031
625 44 1236
353 71 683
1319 41 4650
1481 51 5590
1477 70 5917
688 46 1376
640 38 1261
361 69 711
356 62 579
1419 75 5338
1628 69 6904
1860 58 7895
429 64 869
138 51 170
1638 49 6725
637 73 1502
697 73 1602
822 40 2140
1592 72 6501
1450 66 6023
1892 46 10478
897 83 2698
65 64 94
1648 55 8786
1943 70 10863
1514 53 6412
586 51 1118
979 78 2485
507 62 769
1507 31 7073
992 42 2632
1157 76 3626
62 67 102
1152 32 3588
462 65 958
1040 63 2737
583 55 1032
1826 63 8248
342 64 655
835 75 2209
1063 43 2770
542 63 1135
544 79 1109
1179 82 4074
1029 70 3053
1018 77 2855
1901 72 8254
1110 71 3833
1926 87 8075
568 80 1249
14 18 16
1450 71 5420
1489 63 5771
199 59 312
799 64 1949
1526 57 5351
1910 63 8825
220 56 309
1636 63 7060
785 49 1624
769 57 1791
206 71 386
179 65 361
170 80 309
1131 82 3215
1128 65 3293
862 52 1901
185 68 335
1495 49 5589
1338 90 4129
1263 60 3812
1792 32 8156
1877 65 10843
1470 58 5394
38 29 50
801 76 2074
1966 30 11443
816 57 2875
951 49 3912
576 59 1065
77 62 103
25 31 28
408 65 903
1907 54 12690
1104 66 3407
1181 58 3205
1934 53 9774
1767 82 8869
230 41 733
1318 62 9163
1053 70 3582
526 76 1221
589 82 1377
491 44 1005
1724 62 7835
1798 57 8598
888 56 2325
400 52 684
939 72 5880
1548 60 20357
211 56 374
712 78 2419
779 68 2061
1771 88 11636
130 68 224
373 51 1113
631 68 4636
132 53 629
845 62 7542
1353 63 8964
1080 79 3667
1246 53 4465
1838 60 11248
1274 69 15026
310 90 848
595 61 1083
919 83 2882
1607 75 10090
1123 65 3862
788 51 2338
1117 74 5056
1367 61 5929
758 56 1779
1836 53 14765
881 81 2936
1076 37 4584
1882 83 12301
1727 72 8192
490 51 972
1370 54 5328
318 72 692
1751 55 8351
691 87 1667
598 64 1339
1755 48 7852
1028 68 3451
1809 51 7891
345 35 516
1509 65 6149
1568 67 6285
69 50 99
700 57 1364
1489 48 5358
839 52 2175
362 76 693
1812 57 7327
170 49 244
82 53 121
1304 78 4037
1145 36 3089
362 56 580
1611 66 7176
258 34 410
559 79 1169
1160 48 3445
149 73 251
799 50 1643
1179 60 3204
973 71 2640
1297 74 4005
1022 80 3292
1477 87 5755
19 24 26
1792 60 7854
1696 78 7275
824 73 2125
1846 75 8513
1617 64 6782
1706 54 7219
1073 67 3369
1721 56 7188
1465 35 5795
1032 70 2840
306 52 442
1155 84 3244
863 58 1897
633 76 1352
191 49 273
466 27 932
1876 59 8416
478 68 1094
496 67 975
808 81 1906
1188 73 3816
403 55 636
331 84 648
522 59 837
252 29 407
1765 80 7452
153 78 286
18 25 20
153 78 258
1195 69 4148
430 75 911
431 60 628
682 82 1452
428 62 618
1011 54 2523
1770 48 7695
1166 67 3433
1564 65 6663
363 31 650
1316 56 4878
1428 64 5482
921 41 2169
82 56 103
304 70 588
145 68 274
835 48 1709
1513 59 4744
334 63 689
1224 63 4491
1784 53 8726
1190 80 4447
420 78 891
223 76 464
753 75 1789
1932 68 9593
513 42 977
522 67 1045
895 52 2265
832 57 1783
1639 82 7002
1118 58 2899
1415 64 5416
1570 80 6371
1808 61 8107
492 63 1001
731 71 1634
504 54 927
406 44 655
1359 59 4794
1690 65 7678
834 57 1634
1464 76 5736
531 66 1190
764 73 1980
1118 59 3101
1095 74 3354
10 12 11
1855 48 10081
1098 44 3047
174 69 315
240 65 445
882 73 2123
18 23 20
804 42 1655
1082 73 3396
540 83 1089
1906 51 8458
644 73 1397
1602 58 6013
844 65 2320
1859 76 9743
661 71 1707
813 85 2618
695 77 1936
513 85 1092
1168 83 4445
553 60 922
723 52 1384
495 62 860
1392 57 4629
467 91 983
983 64 3090
1025 81 2787
1463 58 9143
370 85 821
1678 60 8731
670 57 1607
1025 32 4329
410 49 748
620 59 1113
1153 72 3926
1864 44 12328
227 77 516
1624 69 8533
67 59 91
887 76 2281
169 63 295
536 49 1075
309 74 582
1305 73 4824
1923 64 15748
1906 52 20237
1385 40 6095
1048 72 3276
855 66 2193
1464 73 6757
1639 58 15670
374 56 662
1153 31 4758
1885 45 10902
666 46 1392
1586 80 8107
903 97 2574
1579 68 8515
1159 63 3533
571 78 1145
1825 73 10071
305 82 634
1771 60 8935
1007 77 3053
1639 51 12431
291 63 576
768 39 2052
1782 34 9282
258 82 509
1422 59 5441
1613 67 7211
200 74 388
1626 64 6971
1279 60 3710
208 25 295
309 56 412
1613 43 6615
1095 93 3155
1021 80 3077
45 47 63
1780 37 8968
886 75 2475
1289 50 4418
737 76 1661
1359 51 4929
236 77 443
1152 30 3947
102 71 198
1469 69 5464
927 74 2542
702 68 1501
1059 64 3078
672 49 1223
1334 69 4575
1554 79 6392
125 36 176
1333 57 4560
1411 77 5355
1756 62 7192
753 61 1254
55 54 62
1407 74 5307
1432 50 4966
928 71 2260
912 85 2451
517 64 1066
684 72 1428
1657 53 6535
1399 76 5466
194 58 262
636 72 1479
1093 85 3103
661 61 1190
702 80 1480
890 52 1992
1195 44 3732
768 59 1692
525 56 943
1291 81 4648
1020 76 2669
1007 77 2838
1928 64 9046
599 85 1297
919 50 2052
858 55 1882
1078 72 2919
675 85 1524
1073 70 3411
878 72 2335
661 72 1341
1415 84 5323
993 34 2821
878 54 2101
1247 65 4193
1891 63 9183
454 73 1035
1518 55 6006
788 57 1761
1928 73 15827
119 64 207
614 68 1405
239 81 447
1569 34 7089
1011 89 2849
1512 68 9693
676 79 1593
862 42 1801
183 52 232
690 74 1558
1397 54 5021
859 89 1998
974 81 2816
1838 50 9214
297 59 464
1020 57 2414
1839 62 8677
1150 69 3694
1697 59 6786
637 76 1483
985 74 3276
1800 52 8257
1935 85 9294
940 71 2676
255 59 363
79 68 141
1668 79 7185
525 58 1044
1941 38 10579
873 62 1752
1918 58 9578
747 44 1713
1138 77 3917
1003 77 2954
723 79 1705
1810 53 8448
54 37 74
1330 78 4572
167 64 302
906 68 2524
238 75 436
691 58 1307
524 29 1103
663 72 1390
1673 33 6865
607 66 1252
1206 59 3375
1225 62 3674
1198 61 3569
1146 31 3776
706 88 1552
1507 73 6196
1643 49 6669
1441 71 7041
