133 111 300
133 109 231
133 117 392
133 111 245
133 115 244
133 112 230
133 118 250
133 114 240
133 109 239
133 117 237
133 116 247
133 111 265
133 110 356
133 111 252
133 118 238
133 112 255
133 113 256
133 116 240
133 117 251
133 114 245
133 116 234
133 116 246
133 108 243
133 107 240
133 114 233
133 106 268
133 111 253
133 110 257
133 112 217
133 116 253
133 114 241
133 114 235
11 21 12
133 113 247
133 112 251
133 112 247
133 110 248
133 111 239
133 109 226
133 109 264
133 118 233
133 116 258
133 108 239
133 116 241
133 113 238
133 112 271
133 119 241
133 117 277
133 108 227
133 115 258
133 110 247
133 117 253
133 117 242
133 118 264
133 119 252
133 109 248
133 116 272
90 99 179
133 116 245
133 117 253
133 117 261
133 113 231
133 110 295
133 112 239
133 114 269
133 114 239
133 115 275
133 118 248
133 115 262
133 118 235
133 116 293
133 120 273
133 111 262
133 117 362
76 86 387
104 104 202
133 117 285
133 114 266
133 111 244
133 117 263
133 116 491
133 119 546
133 111 278
133 112 374
133 117 257
133 112 259
133 115 489
133 110 341
133 108 239
133 114 257
104 109 180
133 115 957
28 46 36
133 111 822
36 56 42
133 116 265
133 112 235
133 116 278
133 115 273
133 117 324
133 118 261
133 105 263
133 113 243
133 118 261
133 113 250
133 120 259
133 121 262
133 111 239
133 113 254
133 113 259
133 107 261
133 111 260
133 119 232
133 116 256
133 114 239
133 117 267
133 117 239
133 116 257
133 113 246
133 113 251
133 112 234
133 114 261
133 110 250
133 111 248
66 81 100
133 120 256
133 114 234
133 115 237
133 118 246
133 112 232
133 111 276
133 115 225
133 114 244
133 111 242
133 112 225
133 109 227
133 113 268
133 108 245
133 114 248
133 118 254
133 112 273
133 113 267
133 118 237
133 116 219
133 111 256
133 114 253
133 114 226
133 109 242
133 110 230
133 121 240
133 109 243
133 111 255
133 110 240
133 113 235
133 111 255
133 114 265
133 114 246
133 119 258
133 116 331
133 114 228
133 112 259
133 114 264
133 111 224
133 108 234
133 117 224
133 113 244
133 108 302
133 113 271
133 116 237
133 112 252
133 119 250
133 113 227
133 113 283
133 110 241
57 79 100
30 44 40
133 115 245
133 117 225
133 116 231
133 112 240
133 117 248
133 119 242
133 111 235
133 114 248
133 111 249
30 49 34
82 89 144
133 117 240
133 115 247
133 117 249
133 115 243
70 83 116
133 117 238
133 114 252
133 112 231
133 110 230
133 118 233
133 112 240
133 112 289
133 120 259
133 110 249
133 113 238
133 113 223
133 115 242
133 113 225
133 114 238
133 113 237
133 111 232
21 34 24
133 115 239
133 115 250
133 112 225
133 119 249
133 112 249
133 114 239
47 67 71
133 117 395
133 110 264
133 108 256
133 114 256
133 116 289
133 116 244
133 111 252
133 116 261
133 114 224
127 116 321
133 113 249
133 114 243
133 116 233
133 116 257
133 109 257
133 112 241
96 98 187
133 122 242
133 114 242
133 114 243
133 120 328
133 109 282
133 112 241
133 114 237
133 113 245
133 114 238
133 111 245
133 106 249
32 51 53
133 108 261
133 114 251
133 114 238
133 110 253
133 111 276
133 109 271
133 116 391
133 111 247
133 111 243
133 110 235
133 111 248
133 113 316
133 110 277
133 113 253
133 115 231
133 112 248
133 117 230
133 116 267
133 114 235
133 115 232
133 117 237
133 117 234
133 114 252
133 117 245
133 113 245
109 108 201
133 114 254
133 109 239
133 113 250
133 119 245
133 111 247
133 118 260
133 110 248
133 118 243
133 115 247
133 109 230
133 119 234
133 110 236
133 115 252
133 114 228
133 115 407
133 120 243
133 112 252
133 116 251
133 108 235
133 116 261
133 112 256
133 110 276
133 118 229
133 112 247
133 115 253
133 110 235
133 114 237
133 114 242
133 113 243
133 112 228
133 112 389
128 115 258
133 113 234
133 116 240
133 114 245
133 111 233
133 113 275
133 112 245
133 115 232
131 110 240
133 115 233
112 104 219
133 111 237
133 113 248
133 111 224
133 115 248
133 113 246
133 115 223
133 115 240
133 113 257
133 112 252
133 113 243
133 119 248
133 115 242
133 115 246
133 114 235
133 112 275
133 105 224
133 121 231
133 113 245
133 113 281
133 114 254
133 120 255
133 112 237
133 109 254
133 109 215
19 31 36
133 116 246
133 115 233
133 107 252
133 113 235
133 118 270
133 110 411
133 112 238
133 110 249
133 113 232
94 102 159
133 114 261
133 111 235
133 115 263
133 114 246
119 104 206
133 115 251
133 110 252
133 118 247
133 111 237
133 116 232
133 109 276
133 109 239
3 6 3
133 116 266
133 113 252
133 108 245
133 112 243
126 109 244
133 116 240
133 119 247
133 118 262
133 113 251
133 113 298
133 113 258
133 114 252
133 114 239
133 114 228
133 114 252
133 114 252
133 110 241
133 108 239
133 111 240
133 112 239
133 113 239
133 112 253
133 118 235
133 112 235
133 114 307
133 111 263
133 110 240
133 119 232
133 110 263
133 118 233
133 113 228
133 114 242
133 118 241
133 110 240
133 111 249
133 112 250
133 111 236
133 110 236
133 113 241
38 63 56
133 115 256
133 112 287
114 110 204
133 111 246
133 114 249
133 114 242
133 118 231
133 112 236
133 115 227
133 114 226
133 116 273
133 115 244
133 116 296
133 113 259
125 109 235
133 120 229
133 113 222
133 114 245
133 111 245
133 115 254
133 107 271
133 109 239
133 111 286
133 111 243
25 44 29
133 114 242
133 108 246
133 114 278
133 113 229
133 110 285
133 114 243
133 114 268
133 117 318
133 108 257
133 111 255
133 115 227
133 113 248
133 109 245
133 111 252
133 115 262
133 116 234
133 114 293
133 116 312
133 119 225
133 112 261
133 116 246
133 114 244
133 114 233
133 118 249
133 110 228
133 113 236
133 110 247
120 111 214
133 109 239
133 112 228
133 113 235
133 110 257
133 109 250
133 116 240
133 116 241
133 114 239
133 114 244
133 116 228
133 119 238
133 116 233
133 114 258
133 113 240
133 113 245
102 101 197
56 75 82
59 72 90
133 119 245
133 117 249
133 113 237
133 120 243
133 114 736
133 113 240
133 110 238
133 118 268
133 109 240
133 110 226
133 116 314
133 116 240
133 108 261
133 111 226
133 114 240
133 119 241
133 114 253
133 111 236
133 116 236
133 110 268
133 111 229
133 115 231
133 116 229
133 116 223
133 114 233
133 114 275
133 117 265
133 112 222
133 121 240
133 112 231
133 118 227
133 111 237
133 115 240
133 111 233
133 115 239
133 118 222
133 114 248
133 113 235
133 113 306
133 108 230
133 117 254
133 116 241
133 104 300
133 113 248
133 114 252
133 115 240
133 114 221
133 112 249
133 121 231
133 113 236
133 113 219
133 118 240
133 116 246
133 116 261
133 109 238
133 117 227
133 110 247
133 112 249
133 114 235
133 112 248
133 116 390
133 117 252
133 111 251
133 112 241
133 114 227
133 111 246
133 118 241
133 116 258
133 115 257
86 92 159
133 114 253
133 107 227
133 115 237
133 114 228
133 117 241
61 78 116
133 110 222
133 115 242
133 118 336
133 121 271
133 116 233
133 113 250
133 119 284
133 113 236
133 113 233
133 115 257
133 114 235
133 117 237
133 116 249
133 111 225
133 119 236
133 115 262
133 115 251
133 120 234
133 111 248
133 111 249
133 112 227
133 112 225
133 111 243
133 111 233
133 115 249
133 113 235
133 110 233
133 116 251
133 112 239
133 112 257
133 111 235
133 108 242
133 110 244
133 113 219
133 111 254
48 70 64
133 114 262
133 115 240
133 119 239
133 116 226
133 112 273
133 113 234
133 116 243
133 115 233
133 115 239
133 113 246
133 114 245
133 110 230
133 118 243
133 111 242
133 123 230
133 113 248
133 114 236
133 117 245
133 111 244
133 114 246
133 108 242
133 116 235
133 111 245
133 112 210
133 117 268
133 116 234
133 114 234
133 113 228
133 124 225
80 93 142
133 113 234
133 112 240
133 109 253
133 111 233
133 108 256
133 110 222
133 117 235
133 115 231
133 116 247
133 111 270
133 113 237
133 112 225
133 116 226
133 115 246
133 107 250
133 112 230
133 115 282
133 112 244
133 119 241
133 109 239
133 112 240
133 114 256
112 115 227
133 114 224
133 112 244
133 108 245
133 121 238
133 109 248
133 122 229
133 117 249
133 118 243
133 106 223
133 114 253
133 118 253
133 111 234
133 112 253
133 117 264
133 110 272
133 112 242
133 118 233
133 114 239
133 118 240
133 110 227
133 114 235
133 110 280
133 112 244
133 114 243
133 110 238
133 114 255
33 51 31
133 110 252
133 112 307
68 82 125
80 94 143
133 120 233
133 115 253
133 117 238
133 110 231
133 114 270
133 113 254
133 116 244
133 114 257
133 113 261
133 112 242
53 73 92
133 106 224
133 116 251
133 112 230
133 110 254
133 113 223
133 115 231
133 109 231
133 114 244
133 112 241
133 110 239
133 114 255
133 109 253
133 114 227
133 115 234
133 109 280
109 110 173
133 114 243
78 97 133
133 114 250
133 113 231
133 116 239
133 111 269
133 112 232
133 117 227
133 115 279
133 112 232
133 118 233
133 118 239
133 116 241
133 112 237
133 115 249
133 116 244
133 116 247
133 116 245
133 112 240
133 115 227
133 116 252
133 117 246
133 115 219
133 115 238
133 110 262
133 117 239
133 110 244
133 110 221
133 109 238
133 114 252
133 115 250
133 108 245
133 110 253
133 118 232
133 109 242
133 114 234
133 115 225
133 114 248
133 117 238
133 112 240
133 115 246
133 109 234
133 121 246
59 75 83
133 110 246
133 116 282
133 109 296
133 111 275
123 106 229
133 115 249
133 114 255
133 114 269
133 115 232
133 114 234
133 106 241
133 110 253
133 116 236
133 111 242
125 115 230
133 118 245
133 115 246
114 108 188
133 112 237
133 111 225
133 114 255
133 113 241
133 120 245
133 116 232
133 113 269
43 64 65
133 113 247
133 117 252
133 115 228
133 118 248
133 112 257
133 110 261
133 113 235
133 109 230
133 120 231
133 116 234
133 112 237
133 117 228
133 113 235
19 33 22
133 115 239
133 114 232
133 113 234
133 116 240
133 118 243
133 111 245
133 117 241
133 117 236
133 118 230
133 115 242
133 112 238
133 118 229
133 110 238
133 114 225
133 112 242
133 110 240
133 108 244
133 115 266
62 75 111
133 119 232
119 112 226
133 114 220
133 110 229
133 111 243
133 118 241
133 114 277
47 66 65
133 112 239
133 113 256
133 111 241
133 115 241
133 120 236
133 116 220
133 121 243
133 114 223
133 114 233
133 115 242
133 115 238
133 114 232
133 115 329
133 115 243
133 108 235
133 113 239
133 116 243
133 112 235
133 110 232
133 113 252
133 113 255
133 112 300
133 110 247
133 112 247
133 104 252
133 113 242
133 113 244
133 112 268
133 119 249
133 113 245
133 117 229
133 116 233
133 117 233
133 110 244
133 112 262
133 109 249
133 116 245
133 117 237
133 117 258
133 115 269
133 112 393
133 107 296
133 113 235
133 117 240
133 108 291
133 117 270
133 110 245
133 114 259
133 110 271
133 111 232
133 114 246
133 112 261
133 110 259
133 112 255
133 112 245
70 87 118
133 110 229
133 115 230
133 116 244
133 111 254
44 64 67
133 110 251
133 121 229
133 111 252
133 117 267
133 115 249
133 115 262
133 111 255
133 114 248
133 111 258
133 112 290
133 115 254
133 114 248
133 116 261
133 113 258
116 108 212
133 108 250
133 116 249
133 112 257
133 115 284
133 112 240
133 120 255
133 119 240
133 116 271
133 114 321
133 112 240
133 113 241
133 115 228
133 118 241
133 112 283
133 109 240
133 118 271
48 67 74
133 114 254
133 116 251
133 115 232
133 111 270
133 106 247
133 114 275
133 112 419
133 113 242
133 112 261
133 113 239
133 118 265
133 114 400
133 111 259
133 108 246
133 114 246
133 112 257
133 114 276
133 115 278
133 114 323
133 110 255
133 107 266
133 111 276
133 110 248
133 112 261
133 111 249
133 115 267
133 114 488
133 118 335
133 114 274
130 111 284
133 115 251
133 114 236
133 116 281
133 111 226
133 114 242
133 108 233
133 115 282
133 119 231
133 118 269
133 114 240
133 118 248
133 114 250
133 111 243
133 113 240
133 112 294
133 111 237
133 114 245
133 114 244
133 114 247
133 116 236
133 117 234
133 115 236
133 112 242
133 122 246
133 114 227
133 116 270
133 117 236
133 117 248
133 112 232
133 110 294
133 117 239
133 112 247
133 118 232
133 113 238
133 116 241
133 122 255
133 111 249
133 116 243
133 113 245
133 109 229
133 119 617
133 107 812
133 111 362
133 118 240
133 119 249
133 118 291
133 108 234
133 110 241
133 112 232
133 111 284
133 110 230
133 115 234
133 111 242
133 113 240
133 113 234
133 115 231
133 115 228
133 113 233
133 119 236
133 109 252
133 116 238
133 115 264
133 116 231
133 111 239
133 116 233
133 116 294
133 114 270
133 120 270
133 115 510
133 119 296
133 113 264
