34 2 1 1 0 0 1 1 0 1 1 0 1 1 1 1 1 0 0 0 0 0 1 1 1 0 0 1 0 1 1 1 0 0 0 0 
34 2 1 0 1 1 1 1 0 0 0 1 1 0 1 0 0 1 1 1 0 1 0 1 1 1 0 0 0 1 0 0 0 0 0 1 
34 2 0 0 1 0 0 0 0 0 1 0 1 0 1 0 0 1 0 1 0 0 0 1 0 1 1 0 1 1 1 0 0 1 0 1 
34 2 0 1 1 0 0 1 1 0 1 0 0 0 0 0 0 0 0 1 0 1 1 1 0 0 0 0 1 1 0 0 0 0 0 0 
34 3 0 1 0 1 0 0 1 0 0 1 1 1 1 0 1 0 1 0 0 0 0 0 1 1 0 1 0 0 1 0 1 0 1 1 
34 2 0 1 0 0 1 0 1 0 1 0 0 0 1 0 0 1 1 1 0 0 1 0 0 0 1 0 1 1 0 0 0 0 1 1 
34 1 0 1 0 1 0 0 1 0 1 1 1 1 0 0 1 1 1 1 1 1 1 0 0 0 0 0 1 0 1 0 0 0 1 0 
34 6 1 0 0 0 0 1 1 1 0 1 0 1 0 0 0 0 1 0 0 1 0 1 0 0 0 0 1 0 1 1 1 1 0 1 
34 4 0 1 0 1 1 1 1 0 1 1 0 1 0 1 0 0 1 1 0 0 1 1 1 0 0 0 1 1 0 1 0 0 0 0 
34 4 1 1 1 1 1 0 1 0 1 0 0 1 0 1 1 0 1 0 1 1 1 1 0 0 0 1 1 0 1 1 0 0 1 1 
34 6 0 1 1 0 0 1 1 1 1 0 1 1 1 1 0 0 0 0 1 1 0 0 0 0 0 1 0 0 0 1 0 0 1 1 
34 4 1 0 0 1 0 0 0 1 0 1 0 0 0 0 1 1 0 0 1 0 0 0 1 0 1 0 0 1 1 1 0 1 0 0 
34 1 0 1 0 1 1 1 1 1 1 1 1 0 1 1 1 0 1 0 1 1 1 1 0 0 1 1 1 0 1 1 0 1 0 0 
34 6 1 1 0 1 1 0 0 1 1 1 1 1 0 1 0 1 0 0 1 0 1 1 1 1 0 1 1 0 1 1 1 1 0 1 
34 5 1 1 0 1 1 1 0 0 1 1 1 0 1 1 0 1 0 1 1 1 1 0 0 1 1 1 0 0 1 0 0 1 1 0 
34 1 0 1 0 1 0 1 0 1 0 1 1 1 1 0 0 0 1 0 0 1 0 1 1 0 0 1 1 1 1 1 1 1 1 1 
34 1 1 0 0 0 0 1 1 0 0 1 0 0 1 1 0 0 1 1 1 1 0 1 0 1 0 0 1 1 1 0 0 0 1 0 
34 4 1 0 0 1 0 0 0 1 1 1 1 1 0 1 0 1 1 1 0 0 1 0 1 1 1 0 1 1 1 1 0 0 1 1 
34 5 0 1 0 1 0 1 0 1 1 1 1 0 0 1 0 1 0 0 0 1 1 0 0 1 1 0 1 0 1 0 0 1 1 0 
34 5 1 1 1 0 0 0 0 0 1 1 1 0 1 1 0 1 1 1 1 0 0 1 1 0 1 0 0 0 1 0 1 1 1 0 
0