38 3 1 1 0 0 0 0 1 0 0 0 0 0 0 1 1 1 0 0 1 0 0 0 1 1 1 1 1 1 0 1 0 1 0 0 1 0 0 0 
38 1 0 1 0 1 1 1 0 0 1 0 1 1 0 1 0 0 1 0 1 0 0 0 0 1 0 0 1 0 1 1 0 1 0 0 0 1 1 0 
38 3 0 0 1 1 1 1 0 1 0 0 0 0 0 0 1 1 0 1 0 0 0 0 0 0 0 0 0 0 1 1 0 1 1 1 0 0 0 0 
38 6 0 0 1 1 0 1 0 0 1 1 0 1 0 0 1 0 1 1 0 1 0 1 1 1 1 0 0 1 1 0 1 1 1 0 0 1 0 0 
38 4 1 0 0 1 0 0 0 0 1 0 0 0 0 0 1 0 1 0 0 0 1 0 1 0 1 0 1 1 0 1 0 1 1 0 0 1 1 1 
38 4 0 1 0 1 1 0 0 1 1 0 1 1 1 0 1 0 1 1 1 0 1 0 1 0 0 1 1 1 0 0 1 1 1 1 0 0 1 0 
38 5 0 1 1 1 0 1 0 0 1 1 1 1 0 0 0 1 0 0 0 1 0 0 0 1 1 1 1 1 0 0 1 0 1 1 0 1 0 0 
38 3 1 0 1 1 0 1 1 1 1 1 1 1 0 1 1 1 0 1 1 0 1 1 1 0 0 0 0 1 1 0 1 0 0 1 1 1 0 1 
38 1 0 0 0 1 0 1 0 0 0 1 1 0 1 0 1 1 0 0 1 1 1 1 1 1 0 0 1 1 0 0 1 0 0 1 1 1 1 0 
38 4 1 1 0 1 0 0 0 1 0 0 0 1 1 0 0 1 0 0 0 1 1 0 0 1 0 0 1 1 1 1 0 0 0 0 1 1 0 1 
38 3 0 0 1 0 1 1 0 0 1 1 0 0 0 0 0 1 1 0 0 0 1 1 1 1 0 1 0 1 0 0 1 0 0 0 0 1 1 1 
38 1 0 0 0 0 0 1 1 1 0 1 0 0 1 1 1 0 1 1 1 0 1 1 0 1 1 0 0 0 0 1 0 0 1 1 1 1 0 0 
38 5 0 1 0 0 0 0 0 1 1 1 0 0 0 1 0 1 0 0 1 0 0 0 1 1 1 0 0 0 0 0 1 0 1 1 0 0 1 0 
38 4 1 1 1 1 1 0 1 1 0 1 0 0 0 1 1 1 0 1 1 1 1 1 0 1 0 1 0 0 1 0 1 0 0 0 1 1 0 0 
38 3 0 1 1 1 1 0 0 0 0 0 1 1 1 0 1 1 1 1 1 1 0 1 1 0 1 1 1 1 0 1 1 0 0 0 1 0 0 0 
38 1 1 0 0 0 1 0 0 0 1 1 1 1 1 1 0 1 0 1 0 1 1 1 1 0 1 1 1 1 0 1 0 1 1 0 1 1 0 1 
38 6 0 0 1 1 1 0 1 0 0 0 0 0 0 1 1 0 1 0 1 0 0 1 0 1 0 0 1 1 1 0 1 1 1 0 0 0 0 1 
38 6 0 1 1 0 1 1 1 1 0 0 1 0 0 0 1 0 0 1 1 0 0 1 1 1 0 1 1 1 1 0 0 1 0 1 0 1 0 1 
38 2 0 1 0 1 0 0 0 0 0 1 1 0 0 0 1 1 1 0 1 0 1 1 0 1 1 1 1 1 0 0 0 0 0 0 1 0 0 1 
38 3 0 1 1 1 1 1 0 0 0 1 1 0 0 1 0 1 0 0 0 1 0 1 1 0 1 1 0 1 1 1 1 0 0 0 1 1 1 1 
0