45 6 1 0 1 0 0 1 1 1 1 1 0 0 1 0 0 1 1 0 0 0 1 0 0 1 0 0 0 0 0 0 1 1 1 1 0 1 0 1 1 1 0 1 0 1 1 
45 1 0 1 1 1 1 0 1 1 0 1 1 0 0 1 1 1 1 0 0 1 1 1 0 0 0 0 0 0 1 1 1 1 0 0 0 1 0 0 0 0 1 0 1 1 1 
45 1 1 0 0 1 1 1 0 1 0 1 1 0 1 0 1 0 0 0 0 0 1 1 0 0 1 0 0 0 1 1 0 0 0 0 0 1 0 0 1 0 1 0 0 1 1 
45 4 1 1 1 0 1 1 1 0 1 0 0 1 1 1 0 1 0 0 0 0 0 0 0 1 0 0 1 0 1 0 1 0 1 1 0 1 0 1 1 1 0 1 0 1 0 
45 3 0 0 1 0 0 1 0 1 0 0 1 1 0 0 0 0 0 1 1 1 0 1 0 1 0 0 0 0 1 1 0 0 1 1 0 0 0 1 1 0 1 0 0 0 0 
45 5 0 0 1 1 1 0 0 0 1 0 0 0 0 0 1 0 0 0 0 0 0 0 1 1 1 1 1 1 1 1 1 1 0 0 0 1 0 0 1 0 0 0 0 0 0 
45 6 0 0 1 0 0 0 1 0 1 0 1 1 1 0 0 0 1 0 0 1 0 1 1 1 1 1 1 1 1 1 0 1 1 1 0 0 1 1 0 1 1 1 0 0 1 
45 5 0 0 1 0 1 1 1 0 0 0 1 0 1 0 1 1 1 1 1 1 1 0 0 1 1 1 0 1 1 1 0 1 1 1 0 0 0 1 0 0 0 1 0 1 1 
45 5 1 0 1 0 0 0 0 0 1 0 0 1 1 1 0 1 1 1 0 1 1 0 0 1 1 0 0 1 0 1 1 1 1 0 1 1 0 1 0 1 1 0 0 1 1 
45 1 0 0 1 1 1 0 1 0 1 0 0 1 0 0 0 1 1 0 0 0 1 0 0 1 0 1 1 0 0 1 1 1 1 0 0 1 1 1 1 0 0 1 0 0 0 
45 5 1 1 0 1 0 0 0 0 1 0 1 1 0 0 0 1 1 1 0 1 0 1 0 1 1 0 1 1 0 1 0 0 0 0 1 0 0 1 0 0 1 0 1 0 0 
45 4 1 1 0 1 0 1 0 0 0 0 1 1 1 1 0 1 1 1 0 1 1 0 0 0 0 0 0 1 0 0 0 1 1 1 1 1 0 1 1 0 1 0 0 1 0 
45 5 0 1 1 0 0 1 1 1 1 1 1 1 1 1 1 1 0 0 0 1 1 0 1 0 1 0 1 1 1 1 1 0 0 1 0 1 0 1 0 1 1 1 0 0 0 
45 6 1 0 1 0 0 0 0 1 0 1 1 1 0 1 0 0 1 1 1 1 0 1 1 0 0 0 1 0 0 1 1 1 1 0 1 1 0 0 0 0 1 0 0 0 1 
45 1 0 0 1 1 1 1 0 0 1 0 0 0 0 0 1 1 0 1 1 1 0 1 1 1 1 1 1 1 1 0 0 1 0 1 0 1 1 0 0 0 0 0 1 0 1 
45 5 1 1 1 0 0 0 1 0 1 0 1 0 0 0 0 0 1 0 1 1 1 0 1 1 1 1 0 0 1 1 0 0 0 0 0 0 0 1 0 1 1 1 1 1 1 
45 4 1 0 1 1 1 0 1 0 0 0 1 0 0 0 1 1 0 1 1 0 1 1 1 0 0 1 1 1 0 1 0 0 1 1 1 1 1 0 1 1 1 1 1 1 1 
45 3 0 0 1 1 0 1 0 0 1 0 1 0 1 1 1 1 1 1 0 0 0 0 1 1 1 0 0 1 1 0 1 0 0 1 1 0 0 0 0 1 0 1 1 0 1 
45 4 1 0 0 0 1 0 0 0 1 1 0 0 0 1 0 0 1 0 1 1 0 1 1 1 0 1 0 1 1 1 0 1 0 0 1 1 0 1 1 0 0 1 0 1 0 
45 3 1 0 0 0 1 0 1 0 1 1 1 0 0 1 1 1 0 1 1 1 0 0 0 1 0 0 0 0 1 1 0 0 1 0 0 0 0 1 0 0 0 1 0 1 0 
0