32 6 0 0 0 0 1 0 1 0 1 1 0 0 1 0 0 1 0 1 0 0 1 0 0 1 1 1 0 0 1 1 0 1 
32 4 0 1 0 0 1 0 0 0 0 0 1 0 0 1 0 1 1 0 1 1 1 0 0 0 0 1 0 1 1 1 0 1 
32 4 0 0 0 1 0 0 1 0 1 0 1 0 0 0 1 1 1 0 0 1 1 0 0 0 0 1 1 0 0 0 1 0 
32 3 1 1 0 1 1 1 0 1 0 1 1 0 0 0 0 1 0 1 0 1 1 0 1 1 1 1 1 1 0 1 0 1 
32 4 0 0 0 1 1 1 1 0 0 0 0 1 0 1 1 1 1 0 1 1 0 0 0 1 1 0 0 0 0 1 1 0 
32 5 1 0 1 0 1 1 1 1 1 0 1 1 1 1 0 0 0 0 0 0 0 1 1 0 1 1 0 1 1 1 1 0 
32 2 0 1 0 1 0 0 0 0 1 1 1 0 0 1 0 0 1 0 0 1 1 1 0 1 1 1 0 0 0 0 1 0 
32 4 0 1 1 0 0 1 1 1 1 0 1 0 0 1 0 1 0 1 0 1 1 1 0 1 1 1 1 0 0 0 1 0 
32 2 1 0 1 0 0 1 1 0 0 0 0 0 0 1 0 1 0 1 0 1 1 1 1 0 1 1 1 1 0 1 0 1 
32 3 0 0 0 1 1 0 1 1 0 1 1 0 1 0 0 0 1 1 0 0 0 0 1 1 1 0 0 1 1 1 1 1 
32 6 1 0 1 1 1 0 1 1 0 1 0 0 1 1 1 1 1 0 1 1 1 1 1 0 1 0 1 0 1 0 0 0 
32 3 1 1 1 1 0 0 1 0 1 0 1 0 1 0 1 1 0 0 1 1 1 1 0 1 0 0 0 0 0 0 0 1 
32 4 1 1 0 0 0 0 1 0 1 1 0 0 0 1 0 0 0 1 0 1 1 1 1 1 0 1 0 0 1 1 0 1 
32 1 0 1 1 0 0 1 1 1 1 1 1 1 1 1 1 0 1 1 1 1 0 1 1 0 1 1 1 0 1 0 1 1 
32 4 0 1 1 1 1 0 1 0 1 0 0 1 1 0 0 0 0 1 1 1 0 1 0 0 0 0 1 1 1 1 0 1 
32 5 0 1 1 0 0 0 0 0 0 1 1 0 1 0 0 1 1 1 1 0 1 1 0 0 1 1 1 0 0 1 0 0 
32 1 0 0 0 0 0 0 0 1 1 0 1 1 1 0 0 0 1 0 0 1 1 0 0 0 1 0 0 0 0 0 0 0 
32 4 0 0 1 0 0 1 0 1 0 1 0 0 0 0 1 0 0 0 1 0 0 0 0 0 0 0 1 1 1 1 0 1 
32 3 1 0 0 0 0 1 0 1 1 0 1 0 0 0 0 0 1 1 1 1 1 1 0 1 0 1 0 0 1 0 0 0 
32 5 0 1 0 0 1 1 1 0 1 1 0 1 0 0 0 1 1 0 0 1 0 1 1 1 0 1 0 0 1 0 0 0 
0