57 5 1 1 0 0 0 1 1 0 0 0 0 0 0 1 0 1 1 0 1 0 0 1 1 0 1 1 1 0 1 1 0 0 0 1 1 1 0 0 1 0 0 0 0 0 1 0 1 1 1 0 1 1 0 1 1 1 0 
57 5 1 1 0 0 0 0 1 1 1 1 1 1 1 1 1 1 1 0 1 1 1 0 1 1 1 1 0 1 1 0 1 0 1 1 0 1 0 1 0 1 0 1 0 1 0 1 0 0 0 0 1 1 0 0 0 0 0 
57 5 1 1 0 0 1 0 0 0 1 0 1 0 1 0 1 0 1 0 1 0 0 1 0 1 1 0 1 1 0 1 0 1 0 0 0 0 0 0 0 0 0 1 0 1 1 1 1 1 1 1 1 1 0 1 0 1 1 
57 5 1 0 1 1 1 0 1 1 0 0 1 0 0 1 1 0 1 1 1 0 0 1 1 1 0 0 0 1 1 1 1 0 1 0 1 1 0 1 0 0 1 0 0 1 1 0 1 0 1 0 1 1 1 0 0 0 0 
57 1 1 0 1 0 0 1 0 0 0 1 1 0 1 0 0 0 1 0 0 0 0 1 0 1 0 0 0 0 0 0 0 1 0 1 1 1 0 1 1 0 0 0 1 0 0 1 0 1 1 0 1 0 1 1 1 1 1 
57 6 1 1 0 1 0 0 0 1 1 1 1 0 1 1 0 0 1 0 0 1 1 1 1 0 1 0 0 1 1 1 0 0 1 0 1 1 1 0 1 0 1 0 1 0 1 1 1 1 0 1 0 1 0 0 0 0 0 
57 3 1 0 1 1 0 0 0 0 0 1 0 1 1 1 1 0 1 0 0 0 1 0 1 0 1 0 0 1 0 0 1 1 0 1 0 1 1 0 1 1 1 1 0 1 0 1 1 1 0 1 0 1 1 1 1 1 1 
57 6 0 1 0 0 0 0 1 1 1 0 1 0 0 1 1 0 0 1 0 1 1 0 1 1 1 0 0 1 1 0 0 0 1 0 0 0 1 1 1 0 1 0 1 1 1 0 0 1 0 0 1 1 0 0 0 1 0 
57 5 0 0 0 1 0 0 1 0 0 0 1 1 1 0 1 0 0 1 0 0 0 0 0 1 1 0 1 1 1 0 0 0 0 0 1 0 0 0 0 0 1 1 1 0 1 1 0 1 0 0 1 0 1 1 0 0 1 
57 6 0 1 1 0 1 1 0 0 1 1 0 1 1 1 0 1 1 0 0 1 1 0 0 1 0 1 0 0 1 0 0 1 1 1 1 0 1 0 0 0 1 0 0 0 0 0 1 1 0 1 1 0 1 1 1 0 0 
57 4 0 1 1 0 1 0 0 0 0 1 0 0 1 1 1 1 0 1 0 1 0 0 1 1 0 0 0 1 0 0 1 1 0 0 1 1 1 1 1 1 0 0 0 0 1 1 1 1 0 1 1 0 0 0 0 0 0 
57 1 0 1 1 1 0 1 1 1 0 0 1 1 0 1 1 0 1 1 1 1 0 1 0 1 1 0 1 1 1 0 0 1 1 1 0 1 0 1 0 0 0 1 1 0 1 1 0 0 0 1 1 0 0 0 0 1 0 
57 4 1 1 1 1 0 0 0 0 1 0 0 0 0 0 1 1 0 0 0 0 1 0 1 0 1 1 0 1 0 1 0 1 0 0 0 1 0 0 1 0 0 1 0 0 1 1 0 1 0 0 1 1 1 0 1 0 1 
57 3 1 0 1 1 1 1 1 0 0 0 0 0 0 1 1 0 1 1 1 1 0 1 0 0 0 1 0 0 1 0 0 0 0 1 1 1 0 1 1 1 1 0 1 1 1 0 1 0 1 0 0 0 0 0 0 0 1 
57 1 0 0 0 0 0 0 1 1 0 0 0 1 1 1 1 0 0 0 0 1 1 0 0 1 0 0 1 0 0 0 0 1 0 1 1 0 1 1 1 1 1 0 1 0 1 0 0 0 1 0 1 0 0 1 1 0 1 
57 5 0 0 0 1 1 0 0 0 0 1 1 1 1 0 1 0 0 1 0 0 1 1 1 0 1 1 0 0 0 1 0 0 1 0 1 0 0 1 1 0 1 0 0 0 1 1 0 1 0 0 0 1 0 1 0 1 0 
57 1 0 0 1 0 1 1 1 0 1 1 0 0 0 1 1 0 1 0 1 1 1 0 1 1 1 1 0 1 1 1 1 1 1 1 1 0 0 0 1 1 0 1 0 0 0 1 0 1 1 1 0 0 1 1 0 1 1 
57 3 0 0 1 0 1 1 1 0 1 1 1 0 0 1 1 0 1 1 1 1 0 0 0 0 1 0 0 1 1 1 1 1 1 1 1 0 0 0 0 1 1 1 0 0 0 1 0 1 1 0 0 1 0 1 0 1 1 
57 3 0 0 1 0 1 0 1 1 0 1 1 0 0 1 0 0 1 0 0 1 0 1 1 0 0 0 1 0 1 0 0 0 0 1 0 0 1 1 1 1 0 0 0 0 1 0 1 0 0 1 0 0 0 1 1 0 1 
57 3 1 1 1 1 1 1 1 1 1 0 0 0 0 0 1 0 0 0 0 1 1 0 0 1 1 0 0 0 1 0 0 0 1 1 1 0 1 0 1 0 1 1 1 1 1 0 1 1 0 1 1 1 1 1 0 0 0 
0