50 6 0 1 1 0 0 1 0 1 0 0 0 1 1 0 0 0 1 1 1 1 1 0 1 1 0 1 0 1 1 0 1 1 1 0 0 0 1 0 1 1 0 1 0 0 1 0 0 1 0 1 
50 3 1 0 1 0 0 0 0 0 1 1 1 1 0 1 1 0 0 1 1 0 1 1 0 1 0 1 0 1 1 1 1 0 1 0 0 0 1 0 0 0 1 1 1 0 0 0 0 0 1 0 
50 1 1 1 1 0 1 0 0 1 1 0 0 1 1 1 1 1 0 1 1 0 1 0 0 1 0 0 1 1 0 1 1 1 0 0 1 0 0 0 1 1 0 1 0 1 0 1 1 0 1 0 
50 2 0 1 1 1 1 1 0 0 1 0 0 0 0 0 0 0 1 0 1 0 0 1 1 1 1 0 0 0 1 1 1 1 0 0 0 1 1 1 0 1 1 0 1 1 0 1 0 1 1 1 
50 5 1 0 1 1 0 1 1 0 1 0 1 0 0 1 1 0 0 0 0 1 1 0 1 0 0 0 0 0 0 0 0 1 0 1 0 0 0 0 0 1 0 1 0 1 0 1 1 1 1 1 
50 1 0 1 1 0 1 0 1 1 0 1 1 1 1 0 0 0 1 0 0 0 0 0 0 1 0 1 0 1 0 1 0 0 0 1 1 0 1 0 1 1 1 1 1 0 1 1 0 0 1 1 
50 4 1 1 1 1 1 1 1 1 1 1 1 0 1 0 1 1 0 1 1 1 0 0 0 0 1 1 1 0 0 0 1 0 1 0 1 0 1 0 1 1 1 0 1 1 1 0 0 1 1 1 
50 5 1 1 1 1 1 0 0 1 1 0 0 1 1 0 0 0 0 0 1 1 0 0 0 1 1 0 1 0 1 1 0 0 0 1 1 1 0 0 0 1 0 0 0 0 1 0 0 1 0 1 
50 5 0 1 0 1 0 0 1 0 1 0 1 1 0 0 0 0 0 0 0 1 1 1 1 1 0 1 1 1 0 0 1 0 0 1 0 0 1 1 1 0 1 0 1 1 0 1 1 1 0 0 
50 3 1 1 0 0 1 1 1 0 1 1 1 0 1 0 0 0 1 1 1 1 0 1 0 1 1 1 1 0 1 1 1 0 0 1 0 1 0 1 1 0 1 0 0 0 0 0 0 1 1 1 
50 3 1 0 0 0 0 1 1 0 1 0 1 1 0 0 0 1 1 1 0 1 0 0 1 1 0 1 1 1 0 1 1 1 1 1 1 1 1 1 0 0 1 1 1 0 0 1 1 1 1 0 
50 5 1 0 1 0 1 0 0 0 0 1 0 1 0 1 0 0 0 1 0 0 1 1 0 1 1 1 0 0 0 0 0 0 1 1 0 0 1 0 0 1 1 0 0 0 0 1 0 0 0 0 
50 2 1 1 1 0 1 0 1 1 1 1 0 1 0 1 1 0 1 0 1 0 1 1 1 1 1 0 1 0 0 1 1 0 1 0 0 0 0 1 1 1 1 1 0 1 1 0 0 0 0 1 
50 3 1 0 1 1 0 1 0 0 0 0 1 0 1 1 0 1 1 0 0 1 1 0 1 0 1 1 0 1 1 1 1 1 0 1 0 0 0 0 0 0 0 1 0 1 0 1 0 1 1 1 
50 5 0 1 0 0 0 1 1 1 1 0 0 0 0 1 0 0 0 0 0 0 1 1 1 0 1 0 1 1 1 0 1 1 1 1 1 1 1 0 0 0 1 0 0 1 0 0 0 0 0 0 
50 1 1 0 1 0 1 1 1 0 0 1 0 1 0 1 1 1 0 1 1 0 0 1 0 0 1 0 0 1 1 0 0 0 0 1 0 0 1 1 0 1 0 0 1 0 0 0 1 0 1 0 
50 6 0 0 1 0 1 0 0 1 1 0 1 1 1 0 0 1 1 1 1 1 0 0 0 0 0 0 0 0 1 0 1 1 0 1 1 0 1 1 1 0 0 0 1 1 0 1 0 0 1 1 
50 4 1 1 1 1 1 1 1 0 0 0 1 0 0 0 1 0 1 1 1 1 1 1 1 0 0 0 0 0 1 1 1 0 1 0 0 0 1 1 0 1 1 0 1 0 0 1 0 0 0 0 
50 2 1 1 0 1 1 1 1 1 0 0 0 1 1 0 1 0 1 0 0 1 0 0 0 0 1 1 0 1 1 0 0 0 0 1 1 1 0 0 1 0 1 1 1 0 0 0 0 1 1 1 
50 1 1 1 1 1 0 0 1 1 0 0 0 0 0 1 0 1 1 0 0 1 1 0 1 0 0 1 0 1 0 1 0 1 1 1 0 1 1 0 1 1 0 1 0 0 0 0 1 1 0 0 
0