20 3 1 0 0 1 1 0 1 1 1 1 0 0 0 1 1 1 1 0 0 1 
20 6 0 0 1 1 0 0 1 0 1 1 0 0 1 1 1 1 1 0 0 0 
20 3 1 1 1 0 0 0 0 0 1 1 0 0 0 1 0 0 0 0 0 1 
20 5 0 1 0 1 0 1 0 1 1 0 0 0 0 0 1 0 1 1 0 0 
20 5 0 1 1 0 1 0 0 1 1 1 1 0 1 1 1 0 1 0 1 1 
20 1 0 1 0 1 0 1 0 0 0 0 0 1 0 0 0 0 0 0 1 1 
20 2 0 0 0 1 0 1 1 0 1 1 0 0 1 1 0 1 1 0 1 0 
20 3 0 0 0 0 0 1 0 1 0 0 1 1 0 0 1 0 1 1 1 0 
20 4 1 0 0 0 1 0 0 0 0 1 0 0 1 0 0 0 1 1 1 1 
20 6 0 1 1 1 1 1 1 0 1 0 0 1 1 0 0 1 0 0 1 1 
20 3 1 1 1 1 1 0 0 0 1 1 0 0 1 0 0 0 1 0 1 1 
20 1 1 0 0 1 1 1 0 0 0 0 1 1 1 0 1 1 1 1 0 0 
20 5 1 1 0 1 1 1 1 1 0 0 0 1 0 1 0 1 1 1 0 0 
20 5 1 1 1 0 1 0 0 1 0 0 0 0 0 1 1 1 1 0 1 1 
20 5 0 1 0 1 1 1 0 1 1 0 0 1 1 1 0 1 1 1 0 1 
20 5 0 1 1 1 0 0 0 1 1 0 0 1 0 1 0 0 1 1 1 1 
20 2 0 1 0 0 0 1 0 0 0 0 0 1 1 0 1 0 0 1 1 0 
20 4 0 1 0 0 1 1 1 0 0 1 1 1 1 1 0 1 1 0 1 1 
20 6 1 1 1 0 1 1 1 0 1 0 1 0 0 1 1 1 1 0 0 0 
20 6 1 1 0 1 0 0 0 0 1 1 1 0 0 1 1 1 1 0 0 1 
0