10 6 1 1 1 0 1 1 1 1 0 0 
10 5 1 0 0 1 0 1 0 0 1 0 
10 5 0 0 1 0 0 0 1 0 1 1 
10 3 0 1 1 1 0 1 0 1 1 1 
10 6 1 0 0 0 1 0 0 1 0 0 
10 4 0 0 1 0 0 0 1 1 0 1 
10 5 1 0 0 0 0 1 0 0 1 1 
10 3 1 0 1 1 0 0 0 0 1 0 
10 6 1 0 1 1 1 0 1 0 0 0 
10 3 0 1 1 0 1 1 1 0 1 0 
10 3 1 1 0 1 1 1 1 1 0 0 
10 4 1 1 0 1 0 0 1 0 1 1 
10 2 0 1 0 1 0 1 0 0 1 1 
10 3 0 1 1 1 0 1 1 0 0 0 
10 2 1 1 1 1 0 1 0 1 1 0 
10 6 1 1 1 0 0 0 0 1 0 0 
10 3 1 1 0 0 0 0 1 0 1 0 
10 6 0 1 1 0 0 0 1 0 1 0 
10 1 1 1 0 1 1 1 1 1 0 0 
10 3 0 1 0 1 0 0 0 0 1 1 
0