24 1 1 1 0 1 0 0 1 0 1 0 1 0 0 1 1 1 0 0 0 0 0 1 0 1 
24 2 0 1 1 1 0 1 0 1 1 0 1 0 1 1 1 1 1 1 0 0 0 1 1 1 
24 2 1 1 1 1 0 0 1 1 1 0 1 1 1 1 0 1 0 0 0 0 1 1 1 0 
24 4 1 1 0 0 0 0 1 1 1 1 1 1 0 0 0 1 0 1 0 1 0 1 1 0 
24 4 1 0 0 0 0 0 0 1 0 0 1 0 0 0 1 1 1 0 1 0 1 0 0 0 
24 5 1 0 1 0 1 0 0 1 1 0 1 1 0 1 1 1 0 0 1 1 1 0 0 0 
24 6 0 1 0 0 1 0 1 0 0 0 1 0 0 0 1 0 1 0 1 0 0 0 1 0 
24 4 0 1 1 0 1 0 1 0 0 1 0 1 1 0 1 1 1 1 1 1 1 1 0 1 
24 5 1 1 0 0 1 1 0 1 0 0 0 1 1 1 1 1 1 0 0 1 1 1 0 1 
24 1 1 0 1 1 1 0 0 1 0 0 0 0 0 1 0 1 0 1 0 1 1 1 0 1 
24 6 1 1 0 1 0 0 0 0 0 1 1 0 0 0 0 0 1 0 1 0 1 0 0 0 
24 1 1 1 0 1 1 1 0 0 0 1 0 0 1 0 0 1 1 0 1 0 1 1 1 1 
24 1 1 0 0 0 1 1 1 0 1 1 1 0 1 1 0 1 1 1 0 1 1 1 1 0 
24 1 1 1 0 0 0 0 1 1 1 1 0 0 1 0 1 0 0 1 1 1 0 0 1 1 
24 6 0 0 0 1 0 1 0 1 1 0 0 1 0 1 0 1 1 0 0 1 1 0 1 1 
24 1 1 1 0 0 0 1 0 0 0 0 1 1 0 0 0 1 0 1 1 1 0 0 0 0 
24 4 0 0 1 1 1 1 0 0 0 0 0 1 1 0 1 1 1 0 1 0 0 0 0 0 
24 4 0 0 0 0 0 1 0 0 0 0 1 0 0 1 0 1 1 1 0 0 1 1 1 1 
24 1 1 0 1 0 0 0 0 0 0 0 0 1 1 1 0 1 0 0 1 0 0 0 1 1 
24 5 1 0 1 1 0 0 0 0 1 0 0 1 0 0 0 1 0 1 0 1 1 1 0 1 
0