46 2 0 0 1 1 1 1 1 1 1 1 0 1 1 1 0 1 0 1 1 0 1 0 0 1 0 0 1 0 1 1 1 1 0 0 1 1 0 0 1 1 0 1 0 1 0 1 
46 4 0 0 0 1 0 0 1 1 0 1 0 0 1 0 0 0 0 0 1 1 0 0 0 1 0 1 0 1 0 1 0 0 1 1 1 1 1 0 1 0 0 1 0 1 1 0 
46 6 1 1 1 1 1 1 1 1 1 1 1 0 1 0 1 1 1 0 1 1 1 1 0 1 1 1 0 0 1 0 0 0 1 1 1 1 0 1 0 1 0 1 1 1 1 0 
46 5 0 0 1 1 0 1 1 1 0 1 1 1 0 0 1 0 1 0 0 0 0 1 0 1 1 1 0 0 0 1 0 1 1 0 0 1 1 0 1 1 1 0 0 1 0 1 
46 4 0 1 1 0 1 0 1 0 1 0 1 1 1 0 0 0 1 0 0 1 1 0 0 0 1 0 1 0 1 0 0 1 0 1 1 1 0 0 0 1 1 1 1 0 1 1 
46 3 0 1 0 1 0 1 1 0 0 0 1 1 1 0 1 0 0 0 1 1 0 0 1 0 1 0 1 1 1 0 1 0 1 1 1 1 0 1 1 1 1 1 0 0 1 1 
46 1 1 1 1 0 0 1 0 0 0 0 1 1 0 1 0 0 0 0 1 1 0 0 0 1 1 1 1 1 0 0 1 1 0 1 0 0 0 0 0 1 0 1 0 0 0 1 
46 1 0 1 0 1 1 0 1 1 0 1 0 1 1 1 1 1 1 0 1 1 0 1 1 1 1 0 0 0 0 1 0 0 0 0 1 1 1 0 0 1 1 1 0 1 0 1 
46 1 1 1 1 0 0 0 1 1 1 1 1 1 1 0 0 1 0 0 0 0 1 0 0 0 0 1 1 1 1 0 1 0 0 0 0 0 0 1 1 1 0 1 1 1 1 1 
46 1 0 1 0 0 1 1 0 1 1 0 0 0 1 1 1 0 1 1 0 1 1 0 0 0 0 1 1 0 1 0 0 1 0 1 1 1 0 1 0 1 1 1 1 1 0 0 
46 4 1 1 1 0 0 1 0 0 0 0 0 0 1 0 0 0 0 1 1 1 1 0 0 0 0 1 1 1 1 1 0 0 0 1 0 0 1 0 1 1 0 1 1 1 1 1 
46 2 0 1 0 1 0 1 1 1 1 0 0 0 1 0 0 1 0 1 1 1 0 0 0 1 0 1 0 0 0 0 1 0 1 0 0 1 1 1 0 0 0 1 0 1 1 0 
46 2 1 1 0 0 0 0 0 1 1 1 0 1 0 0 0 0 1 0 0 0 1 0 1 1 0 0 1 1 1 1 0 0 1 1 1 1 1 1 0 0 1 0 1 1 0 0 
46 4 1 0 0 0 0 0 1 1 0 1 1 1 0 0 0 0 1 1 1 0 0 1 1 1 0 1 0 1 0 0 0 1 1 0 1 1 0 0 0 0 1 1 0 1 0 0 
46 3 1 1 1 0 1 0 1 0 0 0 1 1 0 1 0 0 0 0 1 1 1 0 0 1 1 1 1 1 1 1 1 1 0 0 1 0 1 0 0 1 0 1 1 1 1 1 
46 4 1 1 0 1 0 0 1 0 0 0 1 1 0 1 0 1 1 0 0 1 1 0 0 1 0 1 0 1 0 1 0 0 0 1 1 1 1 0 1 1 0 0 0 0 1 0 
46 6 1 1 1 0 0 1 0 1 0 0 1 1 0 0 0 0 1 1 1 0 0 1 1 0 0 1 0 0 1 1 0 0 0 1 0 0 1 1 0 1 1 1 0 1 0 0 
46 3 1 1 1 1 0 1 0 0 1 1 0 1 0 1 1 0 1 1 1 0 0 0 0 1 1 1 1 0 1 0 0 0 1 0 1 1 1 1 1 0 1 0 1 1 1 1 
46 1 1 0 1 1 0 1 1 1 0 0 0 0 0 0 1 0 0 1 0 1 0 1 1 0 0 1 1 0 0 0 0 1 0 1 0 0 0 1 1 0 0 0 0 0 0 1 
46 3 0 0 0 0 0 0 1 0 0 0 0 0 0 0 0 0 1 1 0 1 1 0 1 1 0 1 0 0 1 1 0 0 0 1 0 0 1 1 1 1 1 1 0 1 1 0 
0