59 1 1 0 0 1 1 0 1 1 0 1 0 1 0 0 1 1 1 0 1 1 0 0 1 1 0 0 0 0 0 1 1 1 1 1 0 0 1 1 0 1 1 0 0 1 0 1 0 1 1 1 1 1 0 0 1 0 0 1 0 
59 1 0 1 0 1 0 0 1 1 0 1 0 1 0 0 0 0 0 0 0 1 0 1 1 0 1 0 0 0 1 0 0 1 0 0 0 0 1 1 0 1 1 0 0 1 1 0 1 1 0 1 0 0 0 1 0 0 1 0 0 
59 1 1 0 1 1 1 1 1 0 1 1 1 0 0 1 1 1 1 0 0 1 0 0 0 0 0 0 0 1 1 0 0 0 1 1 1 0 1 0 0 0 0 1 0 0 0 1 1 1 1 1 0 1 1 0 0 1 1 0 1 
59 1 1 1 0 0 0 1 0 1 1 0 1 1 1 1 1 1 0 0 0 0 1 0 1 1 1 1 0 0 0 1 0 1 0 0 1 1 1 1 0 0 1 0 0 0 1 1 1 0 0 1 0 1 1 1 0 0 1 1 0 
59 4 0 0 0 1 0 1 0 1 0 0 0 1 0 0 1 0 1 0 0 1 1 0 1 0 1 1 1 0 0 1 1 1 0 1 0 0 0 0 0 0 0 0 1 1 0 0 1 1 0 1 1 1 1 0 0 0 1 1 1 
59 5 0 0 1 0 0 1 1 0 1 1 1 1 1 0 0 1 1 1 0 1 0 1 1 1 1 1 0 1 0 1 1 0 1 0 1 1 1 0 0 0 1 1 1 0 1 0 1 0 1 1 0 0 1 1 1 0 0 1 1 
59 5 0 0 0 0 0 1 1 1 1 1 1 0 0 1 0 0 1 1 0 0 1 0 0 0 1 0 0 1 1 0 1 0 0 0 0 1 1 1 0 1 1 0 1 1 1 0 1 0 1 0 0 0 0 1 0 0 1 1 1 
59 3 1 1 0 1 1 0 0 0 0 1 1 1 1 1 0 0 1 0 0 0 0 0 1 0 1 1 0 0 0 0 1 1 1 1 1 0 0 1 0 0 0 0 1 1 1 1 1 0 1 1 0 1 0 1 0 1 1 0 0 
59 2 0 1 1 1 0 0 1 0 1 0 0 0 0 1 1 1 1 1 1 0 0 1 0 0 1 0 0 0 0 0 1 1 1 0 0 1 0 0 0 0 0 0 0 0 0 1 1 1 0 0 1 1 1 1 1 0 1 1 0 
59 5 1 0 1 0 0 1 0 1 1 0 1 1 0 1 1 0 0 0 1 1 0 1 0 0 0 1 0 0 1 1 0 0 1 1 1 1 0 1 0 0 1 1 1 1 0 1 0 1 1 1 0 0 0 0 0 1 1 0 1 
59 5 1 1 1 0 0 0 0 0 1 0 0 0 0 0 1 0 1 1 1 0 1 1 0 1 1 0 0 1 1 1 1 0 0 0 1 0 0 1 1 1 1 1 1 1 1 1 0 0 0 1 1 1 1 1 1 0 0 1 1 
59 2 1 1 1 1 1 0 0 0 1 1 1 1 0 1 0 0 0 0 0 0 0 1 0 1 1 1 1 1 0 1 0 1 0 1 1 1 0 1 1 1 0 1 0 0 0 1 0 0 1 1 0 1 0 0 0 1 1 0 0 
59 3 1 0 1 1 0 0 0 0 1 0 1 1 1 0 0 1 1 0 1 0 1 1 0 0 0 0 1 1 0 0 1 1 0 1 0 0 1 1 0 1 1 0 0 0 0 0 1 1 1 0 1 0 1 1 0 1 0 0 1 
59 5 0 0 0 0 1 0 1 1 1 1 0 0 1 0 0 1 1 1 0 0 1 0 0 1 1 1 0 1 1 1 0 1 0 0 1 1 0 0 0 0 0 0 0 1 1 1 1 0 0 1 0 0 1 0 1 1 1 1 0 
59 3 1 0 1 1 0 1 0 1 1 1 1 1 1 1 1 0 0 0 0 1 1 0 1 1 1 0 0 0 1 0 1 0 1 0 1 1 1 0 0 1 1 1 0 0 1 1 1 1 1 1 0 1 0 1 0 1 1 0 1 
59 4 0 0 1 1 1 1 1 0 1 1 1 0 1 0 0 0 1 1 1 1 1 0 0 1 1 0 0 1 0 1 0 0 0 1 0 1 0 1 1 1 0 1 1 1 1 0 1 0 1 1 1 0 1 1 1 0 1 1 1 
59 2 1 1 0 1 1 0 0 1 1 1 1 1 0 0 1 1 0 0 0 0 1 1 0 0 1 0 1 0 1 0 0 0 0 0 1 1 0 1 0 1 1 1 0 1 0 1 1 0 0 1 0 1 0 1 0 1 1 1 0 
59 3 1 0 1 1 0 0 0 0 0 1 1 1 0 1 0 0 1 1 1 1 0 1 0 1 0 0 0 1 1 0 0 1 0 1 0 0 1 1 0 1 0 1 0 0 1 1 1 0 0 0 1 1 1 1 0 0 0 0 1 
59 6 1 1 0 1 0 1 0 0 0 0 1 0 0 0 0 1 1 1 1 1 1 0 0 1 1 0 1 1 1 0 1 0 0 1 1 0 0 1 0 0 0 0 0 0 0 1 1 1 0 0 0 0 0 1 1 1 1 0 1 
59 5 0 0 0 0 1 0 1 0 1 1 0 1 1 1 1 1 0 0 0 0 0 1 0 0 0 1 0 1 1 1 0 0 1 0 0 0 0 1 0 0 1 1 1 0 0 1 0 0 1 0 0 0 1 1 0 1 0 0 1 
0