41 6 0 1 1 1 0 0 1 1 0 1 1 1 0 1 1 0 0 0 0 1 0 0 0 0 0 0 1 0 0 1 1 0 0 1 0 1 1 1 0 1 0 
41 2 0 0 0 1 1 0 0 1 0 0 1 0 1 1 0 0 1 0 1 1 1 0 0 1 1 1 0 1 1 0 0 1 1 0 1 0 0 1 1 0 1 
41 3 0 0 1 0 1 1 1 0 0 0 0 0 1 1 1 1 0 0 1 0 0 0 0 1 0 1 0 1 1 1 1 0 0 1 0 1 0 1 1 0 1 
41 3 0 0 1 1 1 0 0 1 0 0 1 1 1 0 0 1 1 1 0 1 1 0 0 0 1 0 1 1 0 1 1 0 1 0 1 1 0 1 0 1 1 
41 2 0 0 1 0 1 1 1 0 0 1 0 0 1 0 0 0 1 0 1 0 0 1 0 1 0 1 1 0 0 0 1 0 1 1 0 0 0 1 0 0 0 
41 4 0 1 1 0 0 0 0 1 0 0 0 0 1 0 1 0 0 1 1 0 1 0 1 1 0 1 1 1 1 1 0 1 1 1 1 1 1 1 0 1 1 
41 2 1 0 1 1 1 0 0 0 0 0 0 1 1 0 0 0 1 1 0 1 0 1 0 1 0 1 0 0 0 1 1 0 1 1 1 0 1 1 0 1 1 
41 5 0 1 1 0 1 0 1 1 0 1 0 0 0 0 0 0 1 0 1 0 0 0 1 1 1 0 1 1 1 0 0 1 1 1 1 1 1 0 0 1 1 
41 6 0 1 1 0 1 0 0 0 1 1 1 0 0 0 1 1 1 0 0 1 0 1 0 1 0 0 0 1 1 1 0 1 1 1 1 0 0 0 1 1 1 
41 3 1 1 0 0 1 1 1 1 1 1 0 1 0 1 1 0 0 1 0 0 0 1 1 0 1 1 0 0 0 1 0 0 0 0 0 1 0 1 0 1 0 
41 6 0 1 0 0 1 0 1 1 0 1 0 1 1 0 1 1 0 1 0 1 1 1 1 0 0 1 1 1 0 0 0 1 1 0 1 0 0 0 0 0 1 
41 3 1 1 0 0 0 1 0 1 0 1 0 1 1 0 1 1 1 1 1 1 0 0 1 1 0 1 1 0 1 1 1 1 0 1 1 0 0 1 1 0 1 
41 4 0 0 0 1 1 1 0 0 1 1 0 0 0 1 0 0 1 1 1 0 0 1 0 0 1 0 1 1 1 0 0 1 1 0 0 0 0 0 1 1 1 
41 2 1 0 0 1 0 0 1 1 0 1 0 0 1 1 1 1 0 0 1 1 1 0 1 1 1 1 1 0 0 1 1 0 1 0 1 1 0 0 0 0 0 
41 3 1 1 1 0 0 0 0 0 1 1 0 0 0 1 0 1 1 0 0 1 0 1 1 0 0 1 0 0 1 0 0 0 0 0 0 0 0 0 0 1 1 
41 4 1 1 0 1 1 0 0 1 1 0 1 0 0 1 1 1 0 0 1 0 1 1 0 1 0 0 0 0 1 1 1 1 1 0 0 0 0 0 1 1 1 
41 5 1 1 0 0 0 0 0 0 0 1 1 1 1 1 1 1 0 1 0 1 0 1 1 0 1 1 1 1 0 0 1 1 1 1 1 0 1 0 0 0 1 
41 4 1 0 1 0 1 1 1 0 0 1 1 0 0 1 1 1 0 0 1 1 1 0 1 1 0 0 1 0 0 0 0 1 1 1 0 0 0 1 0 0 1 
41 1 0 1 1 0 0 1 0 1 0 1 1 1 0 0 0 1 0 0 0 0 0 1 1 0 1 1 1 0 0 0 0 0 1 1 0 1 0 0 0 0 0 
41 1 0 0 0 0 0 0 0 0 1 0 1 0 0 0 0 0 0 0 0 0 0 0 1 1 1 1 1 0 0 1 0 0 0 0 0 0 0 0 0 1 1 
0