26 5 0 1 1 1 1 0 1 1 1 0 1 1 1 1 0 0 1 1 0 1 0 0 1 0 0 1 
26 5 0 0 1 1 0 0 0 1 0 0 0 1 1 1 1 0 0 0 1 1 1 0 1 0 1 0 
26 2 1 0 0 1 0 0 0 1 0 1 1 0 1 1 0 0 0 1 1 1 0 1 0 1 0 0 
26 1 0 1 0 0 0 0 0 0 1 1 0 0 1 1 0 1 0 1 0 1 0 1 0 1 1 0 
26 6 0 0 1 1 1 1 1 1 1 0 1 1 1 0 0 1 0 1 1 1 0 1 1 1 1 1 
26 2 0 0 1 1 1 0 0 0 1 1 1 0 1 1 1 0 0 0 0 0 0 0 1 1 0 0 
26 4 1 1 0 0 1 0 0 0 1 0 1 1 1 0 1 1 1 0 0 0 1 0 0 1 0 0 
26 1 0 0 1 1 1 0 1 0 0 1 0 0 1 0 1 0 1 0 1 0 1 0 0 1 1 1 
26 1 0 1 0 0 1 1 1 0 0 0 1 0 0 1 0 0 0 0 0 0 1 0 0 1 1 0 
26 5 1 1 1 1 1 0 1 1 0 0 1 0 1 1 0 1 1 1 0 1 1 0 1 1 0 1 
26 6 1 1 1 1 0 0 0 1 1 1 0 1 1 1 0 1 0 1 1 1 0 0 1 1 1 0 
26 4 1 0 0 0 1 1 0 1 1 0 1 0 0 0 1 1 1 0 1 1 0 0 0 1 0 1 
26 4 1 0 1 0 1 1 1 0 0 0 0 1 0 0 1 0 0 1 1 1 1 1 0 0 1 0 
26 3 1 0 1 0 0 0 1 0 1 0 1 1 0 0 1 0 0 0 1 0 0 0 0 0 1 1 
26 3 1 1 1 0 0 1 1 0 1 1 1 0 1 1 1 0 1 1 0 1 1 0 0 0 0 1 
26 3 0 0 1 1 0 0 0 0 0 1 1 0 1 1 1 1 0 0 0 0 0 0 0 1 1 0 
26 3 1 1 1 1 1 1 1 0 1 1 0 1 0 0 1 0 1 0 0 0 0 0 0 0 0 0 
26 2 0 0 1 0 1 0 1 1 0 0 0 0 0 1 1 1 1 1 0 0 0 0 0 0 0 0 
26 3 1 1 1 0 1 1 1 1 0 0 0 1 0 0 1 0 0 1 1 0 0 0 0 0 0 1 
26 1 0 1 1 1 0 0 0 0 1 1 0 0 1 0 0 1 0 0 0 0 1 1 0 1 0 0 
0