11 4 0 1 1 0 0 0 0 0 0 1 1 
11 5 0 0 1 1 1 1 1 1 0 0 1 
11 4 0 1 1 0 0 0 0 0 1 1 1 
11 4 1 1 0 1 0 1 1 0 0 1 1 
11 4 0 0 1 0 1 0 1 1 0 1 0 
11 1 1 0 1 1 1 0 0 1 1 0 0 
11 2 0 0 1 0 1 0 1 1 0 0 0 
11 6 1 1 1 1 0 1 1 0 1 0 1 
11 1 0 1 1 1 0 0 0 0 0 1 0 
11 2 1 1 0 0 0 0 1 1 0 0 0 
11 5 1 1 0 0 0 1 1 0 1 0 0 
11 4 0 0 1 0 0 1 1 1 0 0 1 
11 1 0 1 1 0 1 1 1 1 1 1 1 
11 6 1 0 1 0 1 1 1 1 0 0 0 
11 1 1 1 1 1 1 1 0 0 0 1 0 
11 6 1 1 0 0 1 0 1 0 0 0 0 
11 4 0 1 1 0 1 1 0 0 0 1 1 
11 5 0 1 0 0 1 0 0 0 0 0 0 
11 6 0 1 1 1 1 1 0 1 0 1 1 
11 4 0 1 1 1 1 0 1 1 0 1 0 
0