55 6 0 0 0 1 1 1 0 1 0 1 1 0 0 1 1 0 0 0 1 1 1 1 1 1 0 1 1 1 0 1 0 0 0 1 1 1 0 1 1 0 0 0 0 0 1 1 1 1 1 0 1 1 1 0 0 
55 1 1 1 1 1 1 1 1 1 0 0 0 0 0 1 1 0 0 1 1 1 1 0 1 0 0 0 1 0 0 1 0 1 1 1 0 0 0 1 1 1 1 1 1 1 1 0 0 1 0 1 0 1 1 1 1 
55 6 1 1 1 1 0 1 0 1 0 0 1 1 1 0 0 1 0 1 0 1 0 0 0 0 1 0 1 0 0 0 0 1 1 1 1 0 1 1 1 1 0 1 0 1 1 0 0 1 0 1 0 0 1 0 0 
55 4 1 1 1 1 1 1 0 1 1 1 1 0 1 0 1 1 1 0 0 1 0 1 0 0 0 1 0 1 1 0 0 0 1 0 1 1 1 0 0 0 1 1 0 0 1 0 1 1 0 0 0 0 1 0 1 
55 4 1 1 0 1 0 1 1 1 1 1 0 0 1 0 1 0 1 1 1 1 1 0 0 1 0 0 0 1 0 1 0 0 0 1 1 0 0 0 0 1 1 0 1 0 1 0 1 0 0 0 1 1 0 1 1 
55 6 1 1 0 0 0 1 0 0 0 1 1 0 1 1 1 1 1 0 1 0 1 0 1 1 0 0 0 1 0 1 0 1 0 0 1 0 1 1 1 1 0 0 1 0 1 0 1 0 1 0 1 0 1 0 1 
55 4 0 1 0 0 1 0 0 1 1 1 0 0 1 1 0 1 1 1 1 0 0 0 0 1 1 1 1 0 1 0 1 0 1 0 0 0 0 0 0 1 0 0 0 1 1 0 0 0 1 0 0 1 0 0 0 
55 4 0 1 1 1 1 1 1 1 1 0 1 1 0 1 1 0 1 1 1 0 1 0 0 0 0 0 0 0 1 0 0 1 0 1 0 1 0 0 0 1 0 0 1 0 1 0 1 1 1 0 1 0 0 0 0 
55 1 0 0 1 1 1 1 0 1 0 1 0 1 1 1 0 1 1 1 1 0 1 0 1 0 1 1 0 1 1 1 0 1 1 1 1 0 0 1 1 0 0 0 1 1 1 0 0 0 1 0 0 1 0 0 1 
55 2 1 0 1 0 1 1 1 0 0 0 1 0 0 0 0 0 0 0 0 1 0 0 1 1 0 0 0 1 0 0 0 1 0 1 1 1 0 0 1 0 1 0 0 1 1 1 1 1 1 1 1 1 0 0 0 
55 1 0 1 1 0 1 0 1 1 1 0 0 0 1 1 0 0 0 1 1 1 0 0 0 1 0 1 0 0 0 0 0 0 1 0 1 0 0 0 1 1 1 1 1 0 1 0 0 1 1 1 0 1 1 0 0 
55 6 0 0 1 0 0 0 0 0 0 1 0 0 0 0 1 1 1 1 1 0 1 1 1 0 0 1 1 1 0 1 1 0 1 0 0 1 0 0 1 0 0 0 0 0 0 0 1 1 1 0 0 0 1 1 0 
55 2 1 1 0 1 0 1 1 1 0 1 0 0 1 0 1 1 0 1 1 0 1 0 1 0 0 1 0 1 1 0 0 0 1 1 1 1 0 0 0 0 1 1 1 0 1 0 0 1 1 1 1 1 0 0 1 
55 5 0 0 0 1 0 0 1 0 1 0 1 0 0 0 0 1 1 1 1 0 1 1 1 1 1 0 0 1 0 1 1 0 1 1 1 0 0 0 0 1 0 1 1 0 1 0 1 0 1 1 0 1 0 1 0 
55 4 1 0 0 0 1 0 0 1 1 0 1 1 0 1 1 1 0 0 1 0 0 1 0 0 0 1 1 0 0 1 0 0 1 0 0 0 0 0 1 0 0 0 1 1 1 0 0 0 1 1 0 1 0 0 1 
55 5 1 0 1 0 1 1 0 0 1 0 1 0 0 0 0 1 1 1 0 0 0 0 0 1 1 0 0 0 1 0 0 0 0 1 0 0 0 0 0 0 0 1 0 1 0 0 0 1 1 0 1 1 0 0 0 
55 6 0 1 1 1 1 0 0 1 1 0 1 0 1 0 0 1 1 0 0 1 0 0 0 1 0 0 1 0 0 1 0 0 0 1 0 1 1 0 1 1 0 0 1 1 0 1 1 0 1 1 1 1 0 0 0 
55 1 0 1 1 0 1 1 0 1 0 0 1 0 0 0 1 1 0 0 0 1 1 1 1 0 1 0 1 1 0 1 1 0 1 0 0 0 1 1 1 0 1 0 0 0 0 1 1 1 1 1 0 0 1 1 0 
55 1 1 1 1 0 0 0 0 1 1 1 1 0 0 1 0 1 1 0 1 0 1 0 1 0 0 1 0 1 0 0 1 1 1 0 1 0 0 0 1 1 1 1 0 1 0 0 0 1 1 0 1 0 0 0 1 
55 3 1 1 1 1 0 0 1 1 0 0 1 1 0 1 0 1 0 0 0 0 1 1 1 0 1 1 0 1 1 1 0 1 1 1 0 1 0 1 0 0 0 0 1 0 1 0 0 1 0 0 1 1 1 0 1 
0