12 4 1 0 1 1 0 1 0 1 0 1 0 1 
12 1 0 1 0 0 0 1 0 0 0 1 1 1 
12 1 0 1 1 0 0 1 0 1 0 1 0 1 
12 3 0 0 0 1 1 0 0 1 0 1 1 1 
12 6 1 0 0 0 1 0 1 0 1 1 1 1 
12 5 0 0 0 1 0 0 1 0 0 0 1 0 
12 5 1 1 1 0 0 0 1 0 1 0 1 0 
12 3 0 0 0 1 0 0 0 1 1 0 1 0 
12 4 1 1 0 0 1 1 1 0 0 0 0 1 
12 1 1 1 1 0 1 1 0 1 1 0 1 1 
12 4 0 1 1 1 0 0 0 0 0 1 0 0 
12 2 0 0 1 1 0 1 0 0 1 1 1 1 
12 4 0 1 0 1 1 1 1 0 0 1 0 0 
12 5 1 1 0 1 0 0 1 1 1 1 0 1 
12 2 1 0 1 0 1 1 0 0 1 1 1 0 
12 6 1 1 1 1 1 0 0 1 1 0 1 0 
12 6 0 0 0 1 1 1 0 0 0 1 0 0 
12 2 1 1 0 1 0 1 0 1 0 0 0 0 
12 2 1 0 1 0 0 1 0 0 1 1 1 1 
12 3 1 0 0 1 0 1 0 0 0 0 0 0 
0