16 6 0 0 1 1 1 0 1 1 1 0 0 1 0 0 0 1 
16 5 0 0 0 1 0 1 1 1 1 0 0 0 0 0 1 0 
16 6 0 1 1 1 0 1 0 0 0 0 0 0 1 0 1 0 
16 4 0 0 0 0 0 1 0 0 0 0 0 1 0 0 1 0 
16 6 1 0 0 1 1 0 1 1 1 1 0 0 1 1 0 1 
16 6 0 1 1 0 0 1 0 0 0 1 0 1 1 0 0 1 
16 1 1 0 1 1 0 0 0 0 0 1 1 0 0 0 1 0 
16 4 1 0 0 0 0 0 1 1 0 0 1 0 1 1 0 0 
16 1 1 0 0 1 0 0 0 1 1 0 1 0 0 1 1 0 
16 4 1 1 0 0 0 0 0 1 0 0 0 0 0 1 1 0 
16 2 0 0 0 0 1 1 1 0 1 1 1 0 0 1 0 1 
16 6 0 1 1 1 0 1 1 0 0 1 1 1 1 1 0 1 
16 2 0 0 0 1 0 1 1 0 1 1 1 1 0 0 0 1 
16 2 1 1 0 0 1 0 1 1 0 0 0 0 1 1 0 1 
16 6 0 1 0 1 1 1 0 0 1 0 0 1 1 1 0 0 
16 5 0 1 0 1 0 0 1 0 0 0 1 1 1 0 1 0 
16 5 0 0 0 0 0 1 0 1 0 1 0 0 1 0 0 0 
16 4 1 1 1 0 1 0 0 1 1 1 1 0 1 0 0 1 
16 5 0 0 1 0 1 1 1 1 1 0 0 1 0 1 0 1 
16 3 0 1 0 0 0 1 1 1 1 0 1 1 0 1 1 0 
0