33 2 0 0 1 1 1 1 0 1 1 1 1 1 0 0 1 0 0 0 0 1 1 1 1 1 1 1 0 1 1 0 1 1 0 
33 5 1 0 1 1 1 0 1 0 1 1 0 0 1 0 0 1 1 0 0 1 1 1 0 1 0 0 0 1 1 0 1 0 0 
33 3 0 1 0 1 1 0 0 1 0 1 1 1 0 1 1 0 0 0 1 0 1 1 0 1 1 0 0 0 0 0 1 0 0 
33 6 1 1 1 1 1 0 0 0 1 0 1 0 0 1 0 1 0 1 1 0 1 0 0 1 0 1 1 1 1 1 1 1 1 
33 5 0 0 0 1 0 1 1 0 1 0 1 1 1 1 1 0 0 0 0 0 1 1 1 0 0 1 0 1 0 1 0 0 1 
33 3 1 1 0 1 1 1 1 1 1 0 0 0 1 0 0 1 1 1 0 0 1 1 1 1 0 1 0 0 0 1 1 1 1 
33 2 0 0 0 1 1 1 0 0 1 1 0 1 0 1 0 1 0 0 0 1 1 0 1 0 1 1 1 0 0 0 1 1 1 
33 6 0 0 1 0 0 0 1 1 0 0 0 0 1 0 0 1 0 0 1 1 0 0 0 1 0 0 0 1 1 1 1 0 1 
33 5 0 0 0 0 1 0 0 1 1 1 0 1 0 0 1 1 1 1 0 1 1 0 1 1 0 1 0 1 1 1 1 1 1 
33 6 1 0 0 1 0 1 0 0 0 0 0 0 0 1 1 0 0 0 0 1 1 0 0 1 1 1 1 0 1 0 0 0 1 
33 3 0 1 1 0 1 1 1 1 1 1 0 1 1 0 1 1 1 1 0 0 0 1 1 1 0 0 0 0 1 1 0 1 0 
33 4 1 1 0 0 0 0 1 0 1 0 0 0 0 1 1 0 1 0 1 1 1 1 1 1 1 0 0 1 1 0 0 1 1 
33 4 1 1 1 1 1 0 1 1 0 1 1 0 1 0 0 1 1 1 0 1 1 0 1 1 1 1 0 0 0 1 1 1 1 
33 3 0 0 0 0 0 0 1 1 0 1 1 0 0 1 0 0 0 1 0 1 0 0 0 0 0 0 0 1 0 1 1 0 1 
33 4 0 1 1 0 0 0 1 0 0 1 1 0 1 1 1 0 0 0 0 1 0 0 1 0 1 1 1 0 0 1 1 0 0 
33 3 0 1 0 1 1 1 0 0 1 0 1 1 0 1 1 0 0 1 0 0 0 1 1 1 1 1 0 0 0 1 0 0 0 
33 4 0 1 0 0 1 1 0 0 0 0 1 1 0 0 1 0 0 1 1 1 0 0 1 1 0 1 0 1 1 0 0 1 1 
33 1 0 0 1 0 0 0 1 1 1 1 1 0 0 1 1 1 1 0 0 0 1 0 1 1 1 0 1 1 0 0 1 0 0 
33 2 0 0 1 1 1 0 1 1 1 1 0 0 0 1 0 0 1 1 1 0 0 0 1 1 0 1 1 1 1 1 0 1 1 
33 2 1 1 0 0 0 1 1 0 1 1 0 0 0 1 1 1 0 0 1 1 1 1 0 1 1 1 0 1 0 0 1 1 1 
0