25 3 0 1 1 1 1 1 1 1 1 0 1 1 0 1 0 1 1 1 1 1 1 0 0 1 0 
25 2 0 1 1 0 0 1 1 1 1 0 0 0 0 1 0 1 0 0 1 0 1 0 0 1 0 
25 4 1 0 0 0 1 1 1 1 1 1 0 0 0 1 1 1 1 1 0 1 0 1 0 1 1 
25 2 0 1 0 0 1 0 0 1 0 1 0 1 0 1 1 1 0 1 0 1 0 0 0 1 1 
25 3 0 1 0 1 1 0 1 1 0 0 1 0 1 1 1 0 1 0 1 0 1 1 1 1 0 
25 3 1 0 1 1 1 1 0 1 0 1 1 1 1 1 1 0 1 1 0 0 1 1 0 0 1 
25 4 0 0 1 0 0 0 1 1 1 0 0 0 1 1 1 0 0 0 1 0 1 0 1 1 0 
25 5 0 1 0 1 0 0 1 1 1 0 0 0 1 1 0 0 1 1 1 1 1 1 1 0 1 
25 3 0 0 1 0 0 1 1 1 0 0 1 0 1 0 0 1 0 1 1 0 1 0 1 0 1 
25 1 0 1 0 1 1 0 0 1 1 0 0 0 1 1 0 1 1 0 1 1 1 0 0 0 0 
25 3 1 0 0 0 0 0 1 1 0 1 1 0 0 0 0 0 1 0 1 1 1 0 1 0 1 
25 6 0 0 1 1 0 0 1 0 1 1 1 0 0 1 1 0 1 1 0 1 0 1 1 1 1 
25 3 0 0 1 1 1 1 1 1 0 1 1 1 0 0 1 1 1 1 0 0 1 1 0 0 0 
25 5 1 0 1 0 0 1 1 1 1 0 1 0 1 1 0 1 1 0 1 0 1 0 1 1 1 
25 6 0 1 1 0 1 0 0 0 1 1 0 0 0 1 0 1 1 0 1 1 1 0 1 0 0 
25 3 1 1 1 0 0 1 1 1 0 0 0 0 0 1 1 0 1 0 1 1 1 1 1 0 0 
25 3 0 0 1 0 0 0 0 0 0 0 1 1 0 1 1 0 0 1 1 1 0 0 1 1 1 
25 4 0 1 1 1 1 0 1 0 0 1 0 0 1 0 1 1 1 1 0 0 1 0 0 0 0 
25 5 0 1 1 1 0 0 0 0 1 0 0 0 0 0 1 1 1 1 1 0 0 1 1 0 1 
25 5 1 1 0 1 1 0 0 1 1 1 1 0 1 0 0 1 0 0 1 1 1 0 0 1 0 
0