42 6 0 1 1 0 1 0 0 0 0 0 0 0 1 1 1 1 1 1 0 1 1 0 1 1 0 0 0 0 1 1 1 1 0 1 1 0 1 1 0 1 0 0 
42 6 1 1 1 0 1 0 1 0 0 1 0 1 0 0 1 0 1 0 0 1 1 1 0 1 0 0 1 1 0 1 1 1 0 0 0 1 0 1 0 0 0 0 
42 1 0 0 1 1 1 0 1 0 1 0 1 0 0 1 1 1 1 0 0 0 0 0 0 0 1 1 0 1 0 0 1 0 0 1 1 1 1 0 0 0 0 1 
42 1 0 0 1 0 1 1 0 1 1 1 0 1 0 1 1 1 1 1 1 0 1 0 1 1 1 0 1 1 0 0 1 1 0 0 1 1 1 1 0 0 0 0 
42 1 0 0 1 0 1 1 1 1 0 1 1 1 0 1 0 1 1 0 0 0 0 0 1 1 1 1 0 1 1 0 1 0 0 1 0 0 0 1 1 0 0 0 
42 5 0 1 0 1 1 1 1 1 1 1 1 1 0 0 1 1 1 1 1 1 0 0 1 0 0 0 1 0 0 0 0 0 1 1 1 0 0 0 0 1 1 1 
42 3 1 1 1 1 0 1 0 0 1 0 1 1 0 0 0 0 0 0 1 1 0 0 0 0 0 1 0 1 0 1 0 0 0 1 1 1 0 1 1 1 1 0 
42 5 1 0 1 1 1 1 0 0 1 0 0 0 0 1 0 0 0 0 0 0 0 1 1 1 0 0 0 1 1 1 0 0 1 1 1 0 0 0 0 0 0 1 
42 5 1 0 0 1 0 0 1 0 1 0 1 0 0 1 1 0 0 0 0 0 1 1 0 0 1 0 0 1 0 1 1 1 0 0 0 0 0 1 1 1 0 0 
42 3 0 0 1 0 0 1 0 1 0 1 1 0 1 1 1 0 1 0 0 1 0 0 1 1 0 1 0 0 1 0 0 1 0 1 0 1 0 0 0 0 0 1 
42 4 1 0 0 1 1 0 1 0 1 1 0 0 0 1 0 0 0 0 0 1 1 1 1 0 1 0 0 1 0 1 0 1 1 0 0 0 1 0 1 0 1 1 
42 1 1 0 0 1 0 0 1 1 1 0 1 1 1 1 1 1 1 0 1 0 1 0 0 0 1 0 1 1 0 0 1 1 0 1 1 0 1 0 1 1 1 0 
42 3 0 1 0 1 0 0 1 0 0 1 1 0 0 1 1 1 1 1 0 1 1 1 0 1 0 0 0 1 1 1 0 0 0 0 1 1 0 0 1 0 1 0 
42 1 1 0 1 0 1 0 0 0 1 1 0 0 0 1 1 1 0 0 1 0 0 1 0 1 0 0 1 0 0 1 1 1 1 0 0 1 1 0 1 0 0 0 
42 2 0 1 0 1 1 0 1 0 0 0 0 0 0 0 1 1 0 0 0 0 0 0 0 1 1 0 0 0 0 0 1 0 1 1 0 1 1 1 1 1 1 1 
42 6 0 1 0 1 0 1 1 0 1 1 0 0 1 0 0 1 1 1 0 1 0 1 1 1 0 0 0 1 0 1 1 0 1 1 1 1 0 0 1 1 1 1 
42 6 0 1 0 1 0 1 1 0 1 0 1 1 0 0 1 0 0 1 1 0 0 0 1 1 1 1 0 0 0 1 0 1 0 0 0 1 1 0 1 0 0 0 
42 6 1 0 1 1 0 0 0 0 0 0 1 1 1 0 1 0 1 0 0 0 0 0 0 1 1 0 0 1 1 1 1 0 1 0 1 0 0 1 0 0 1 0 
42 4 1 0 0 1 1 0 1 1 0 1 0 0 0 0 0 1 1 1 0 1 1 0 0 1 0 1 1 0 1 1 1 0 0 1 1 1 1 0 1 0 1 1 
42 3 1 1 0 0 1 0 1 0 1 1 1 0 0 0 1 0 1 1 0 1 1 1 0 0 1 0 1 1 1 0 1 0 0 1 1 1 1 0 1 0 1 0 
0