31 6 1 0 0 1 1 1 0 1 0 0 0 1 0 1 0 1 0 0 1 1 0 1 1 0 0 1 0 1 0 0 1 
31 4 1 1 0 0 0 1 1 0 1 0 1 1 1 1 1 1 0 0 0 0 1 1 0 0 0 0 1 0 1 0 1 
31 5 1 0 0 1 1 1 1 0 1 1 0 1 0 1 0 0 1 1 0 1 0 1 1 1 1 0 1 0 1 1 0 
31 3 1 0 0 0 0 1 0 1 0 0 0 1 1 1 1 1 0 0 0 0 1 1 1 0 1 1 1 0 0 1 1 
31 4 0 1 1 0 0 1 1 1 0 0 0 1 1 1 0 1 1 0 1 0 1 1 1 1 0 0 1 0 1 0 1 
31 6 1 0 1 0 1 1 1 1 1 1 1 0 0 1 1 0 0 0 0 1 1 1 0 1 1 0 1 1 0 0 0 
31 5 0 0 0 0 1 1 1 0 0 0 0 0 0 1 0 0 1 1 1 1 0 0 0 0 0 0 1 0 0 1 0 
31 4 1 0 1 0 1 0 0 1 1 0 0 1 1 0 1 1 1 0 0 0 0 0 0 0 0 1 1 1 0 1 0 
31 3 0 1 0 1 1 1 1 0 1 1 1 1 1 0 0 1 1 0 1 1 0 1 0 1 0 1 0 0 0 0 0 
31 5 1 1 0 0 0 1 1 1 0 0 0 1 1 0 0 0 0 1 1 1 0 1 0 0 0 0 1 1 0 1 1 
31 2 0 1 1 0 0 0 0 0 1 0 0 0 1 0 0 1 0 1 0 0 1 0 1 1 0 0 0 0 1 0 1 
31 3 1 1 0 0 1 0 0 0 1 0 0 0 1 0 1 1 0 0 1 1 0 0 0 1 0 1 1 0 1 1 0 
31 5 0 0 0 1 1 1 0 0 1 0 0 0 1 1 1 1 1 1 0 0 1 0 1 0 1 0 0 0 1 0 1 
31 2 0 1 1 1 0 1 1 0 1 1 0 0 1 0 1 0 1 1 0 0 0 1 0 1 0 0 0 1 0 1 1 
31 4 0 0 0 1 1 0 1 0 1 1 1 0 1 0 1 0 0 1 1 0 1 1 1 1 0 1 0 0 0 1 1 
31 2 1 0 0 0 0 1 1 1 0 0 0 0 0 1 0 0 0 1 0 1 1 0 0 1 1 1 1 0 0 1 1 
31 5 1 1 0 1 0 1 0 0 1 0 0 0 1 1 0 0 0 1 1 1 1 0 0 0 1 0 0 1 1 1 1 
31 1 0 0 1 0 1 1 1 1 0 1 1 1 0 1 1 1 0 1 0 1 1 1 0 0 1 0 1 0 0 1 0 
31 3 1 1 1 0 0 0 1 0 1 0 0 0 0 1 1 0 0 1 0 1 0 0 1 1 0 1 1 0 0 1 1 
31 2 0 0 1 1 0 1 1 1 1 1 1 1 1 0 0 1 0 0 1 0 0 0 0 0 1 1 1 1 1 0 0 
0