51 1 0 0 1 0 0 1 0 1 1 0 1 1 1 0 1 0 0 1 1 1 1 0 1 1 0 1 1 1 0 1 0 0 1 1 0 1 0 0 0 0 0 0 1 1 0 0 0 0 0 1 0 
51 2 0 1 1 0 1 0 0 1 1 0 1 0 1 1 1 0 1 1 0 0 1 1 1 0 1 1 0 1 1 0 1 1 0 0 1 1 0 1 0 1 1 1 1 1 0 0 1 1 1 1 1 
51 4 0 1 1 1 0 1 1 1 0 0 0 0 0 0 1 0 1 1 1 1 0 0 0 0 0 1 1 1 0 1 0 0 0 1 1 0 1 0 0 1 0 0 1 0 0 0 0 0 1 1 1 
51 4 1 1 1 1 0 0 1 0 1 1 0 1 1 1 0 0 0 0 1 0 0 0 1 1 0 1 1 1 1 0 0 0 1 1 0 1 1 1 1 1 0 1 0 1 0 0 1 0 0 0 1 
51 6 0 0 0 0 1 1 1 0 1 1 1 0 0 1 1 0 0 0 1 0 1 1 0 1 0 1 0 0 0 1 1 0 1 1 1 0 0 0 1 1 0 0 1 0 1 0 0 1 0 1 1 
51 2 1 1 1 1 1 1 1 1 0 1 1 1 0 0 1 1 1 0 0 1 0 0 1 1 0 0 0 1 1 0 0 0 1 1 1 0 0 1 1 0 0 1 1 0 1 1 1 0 1 0 1 
51 3 0 1 1 0 1 0 1 0 0 0 1 1 1 0 0 0 1 1 0 1 0 0 0 0 1 1 0 0 1 0 0 1 1 0 0 0 0 1 0 0 1 1 1 1 0 1 1 1 1 1 1 
51 6 1 1 1 0 0 0 1 0 0 1 1 1 1 1 1 1 1 1 1 0 1 1 1 1 0 0 0 1 0 1 1 1 0 0 0 1 0 1 1 0 0 0 1 0 0 0 1 1 0 1 1 
51 2 0 1 0 0 1 0 0 1 0 1 1 0 1 1 1 0 0 0 0 0 1 0 0 1 0 0 0 0 1 1 1 1 0 1 1 0 0 1 1 0 0 0 0 0 1 0 0 1 0 0 0 
51 2 0 0 0 1 0 0 1 1 0 1 0 0 0 0 0 0 1 0 0 0 0 1 0 0 1 0 1 1 0 1 1 1 0 1 0 0 0 1 0 0 0 0 0 1 0 1 1 0 1 0 0 
51 2 1 0 1 0 0 1 1 0 0 0 1 0 0 1 1 0 1 1 0 1 1 0 0 0 1 0 0 0 0 0 0 1 0 1 1 0 0 0 0 1 1 0 1 1 1 0 1 0 1 1 0 
51 2 1 0 1 1 0 1 1 0 1 1 1 1 1 0 1 1 1 1 0 0 1 0 1 1 0 0 1 0 1 1 1 0 0 0 1 0 1 1 1 0 0 0 1 1 1 0 1 0 1 1 0 
51 6 1 1 0 0 1 1 0 0 1 1 0 1 1 0 1 0 1 0 0 1 1 1 1 0 1 0 0 0 1 0 1 1 1 1 1 0 1 1 0 0 0 0 1 1 0 0 1 1 1 1 1 
51 1 0 0 0 1 0 0 1 1 0 1 0 1 0 1 1 1 0 1 1 0 1 0 1 0 1 0 1 0 1 0 0 1 0 0 0 0 0 0 0 0 1 0 1 1 0 0 1 0 1 0 1 
51 3 1 0 0 0 1 0 0 0 0 0 0 1 0 0 1 0 0 1 0 1 0 1 1 0 1 0 0 0 0 1 0 1 0 1 1 1 1 1 1 1 1 1 0 1 0 0 1 0 1 1 0 
51 4 0 1 1 1 1 0 1 1 1 0 1 1 1 0 0 0 0 0 1 1 1 0 1 1 0 0 0 1 0 0 1 0 1 0 0 0 0 1 1 0 1 0 1 0 1 0 0 1 0 0 0 
51 2 0 1 1 0 0 1 1 0 1 0 0 0 1 0 0 1 0 1 1 1 0 1 0 1 1 0 0 1 0 0 0 0 0 1 0 0 0 0 0 1 0 0 1 1 1 1 1 1 1 0 0 
51 6 1 0 0 0 1 0 1 1 0 0 0 0 1 0 0 0 0 0 1 1 1 1 0 0 0 1 1 1 0 1 0 1 0 0 0 1 0 1 0 1 1 0 1 1 1 0 1 1 0 0 0 
51 2 1 1 1 0 0 0 1 0 0 0 0 0 0 0 1 1 1 1 0 1 0 1 0 1 1 1 0 0 1 1 1 1 0 1 1 0 1 0 1 1 0 1 1 1 1 0 0 0 0 0 1 
51 5 1 1 1 1 0 1 1 0 0 0 1 0 1 0 1 1 0 0 0 1 1 0 0 0 0 0 0 0 0 0 0 1 1 1 0 0 1 1 0 1 0 1 0 1 1 1 0 1 1 1 0 
0