27 4 0 1 0 1 1 0 0 0 0 0 0 1 1 1 1 1 1 1 1 0 1 1 0 1 0 0 1 
27 4 0 0 1 0 1 1 1 0 1 1 1 0 1 1 1 0 1 0 1 0 1 0 0 0 0 0 1 
27 1 0 1 0 0 1 1 1 0 0 0 0 0 0 1 0 1 1 1 0 0 1 1 0 0 0 0 0 
27 3 0 1 0 1 0 0 1 1 1 0 1 0 1 0 0 1 1 0 0 0 1 0 0 0 0 0 0 
27 3 0 0 0 1 1 0 0 0 1 1 1 0 0 1 0 1 1 0 0 0 0 0 1 1 1 1 1 
27 4 0 1 1 0 1 1 1 1 1 1 1 0 1 0 1 1 1 1 0 0 0 0 1 0 0 0 0 
27 4 1 1 0 1 1 1 0 0 0 1 1 0 1 0 0 0 1 1 1 0 1 1 1 1 1 0 1 
27 6 0 1 1 1 1 1 1 0 1 1 0 1 0 0 1 1 0 0 1 1 1 0 0 0 1 1 1 
27 5 1 1 0 1 0 1 0 1 0 1 1 1 0 0 1 1 0 0 0 0 0 0 0 0 0 0 0 
27 5 1 0 0 0 1 0 1 1 1 1 1 0 1 0 1 1 0 0 0 0 1 1 1 1 1 1 1 
27 2 1 0 1 0 0 0 0 1 0 1 0 0 0 1 0 1 0 1 1 0 0 1 1 1 0 0 0 
27 4 1 0 1 0 0 0 0 0 0 0 1 1 1 1 1 1 1 1 1 1 0 0 1 0 1 0 1 
27 5 0 0 1 1 0 0 1 0 1 1 0 1 1 1 0 0 0 1 0 1 0 1 0 1 1 0 1 
27 5 0 1 0 1 1 0 0 1 0 0 1 1 1 1 1 1 0 1 1 0 1 1 0 1 0 0 0 
27 6 0 0 0 1 1 0 0 0 0 0 1 1 0 0 0 0 1 1 1 1 1 0 1 0 0 1 1 
27 5 0 0 0 0 0 0 1 1 0 1 1 1 0 0 0 0 0 0 0 1 0 1 0 1 0 1 1 
27 5 1 0 0 1 0 0 1 0 0 1 1 1 0 0 0 0 0 0 1 0 0 1 1 0 1 1 1 
27 2 1 0 1 0 1 1 1 1 0 0 0 0 1 1 1 0 0 1 0 0 1 1 1 0 1 0 0 
27 1 0 0 1 1 0 0 1 1 1 0 1 1 0 1 0 0 0 1 0 0 1 0 1 0 0 0 0 
27 4 0 1 1 0 1 0 1 1 0 0 1 1 0 0 1 1 1 1 1 1 0 1 0 1 1 1 0 
0