52 5 1 0 0 1 0 0 0 0 0 0 0 0 0 0 0 1 0 0 0 0 1 0 1 0 1 0 1 0 1 0 0 0 0 0 1 1 1 1 1 1 0 1 1 0 0 1 1 0 1 1 0 0 
52 5 1 0 1 1 0 0 0 0 0 0 0 1 0 1 0 1 1 1 1 0 1 1 0 0 0 0 0 0 0 0 0 0 1 1 1 1 1 0 1 0 0 1 1 0 1 1 0 0 0 1 0 1 
52 6 1 0 1 1 0 1 0 0 1 0 1 1 1 0 0 1 1 0 0 1 1 0 0 0 0 0 1 0 0 0 1 1 0 0 1 0 0 1 1 1 1 0 0 0 1 1 0 0 1 0 1 1 
52 1 1 1 1 1 0 1 0 1 0 1 1 0 0 0 0 1 1 0 0 1 0 1 0 1 1 1 1 1 0 0 1 0 1 0 1 0 1 1 1 1 1 0 0 1 0 0 1 1 0 1 1 1 
52 3 1 0 1 0 1 0 1 1 0 1 1 0 0 1 0 0 0 1 1 0 1 0 1 0 1 0 0 1 1 1 1 1 0 1 1 1 1 0 1 1 1 0 0 0 1 0 0 1 1 1 1 1 
52 2 0 1 1 1 1 0 0 1 1 1 1 0 1 0 0 1 1 1 1 1 1 1 0 1 1 1 1 0 1 0 1 1 1 0 0 0 0 1 1 0 0 0 0 1 1 0 1 0 0 0 0 1 
52 6 0 1 0 0 0 0 1 0 1 0 1 0 1 1 0 0 1 0 0 1 1 0 0 1 1 1 1 1 1 1 0 1 0 0 1 0 0 0 0 1 1 1 1 0 0 0 0 1 0 0 1 1 
52 1 1 1 1 0 0 0 1 1 0 1 1 0 0 1 0 1 1 0 0 0 1 0 1 1 0 0 0 0 1 1 1 1 0 0 1 1 1 1 0 1 0 0 0 0 1 0 1 1 0 1 1 0 
52 4 0 1 1 1 1 0 0 1 1 1 1 1 1 0 0 0 1 0 0 1 0 0 0 0 0 1 1 1 1 1 1 1 0 0 0 0 0 1 1 1 0 0 1 1 1 1 1 0 1 1 1 1 
52 3 1 0 0 1 1 1 0 0 0 1 0 1 0 0 1 1 1 1 1 0 0 1 1 1 0 1 1 0 0 0 0 1 0 0 0 1 1 0 1 0 0 0 1 0 0 0 1 0 1 0 0 1 
52 2 1 1 0 0 0 0 0 0 0 1 1 0 0 0 1 0 0 1 0 0 0 0 0 1 1 0 0 0 0 0 1 1 1 1 1 1 1 1 1 1 1 0 1 1 1 1 1 1 0 0 1 1 
52 5 1 0 0 0 0 0 0 0 1 0 1 1 1 0 0 1 0 0 0 0 1 1 1 0 0 0 1 0 1 0 1 1 0 1 1 0 1 1 1 0 1 0 1 1 1 0 0 1 0 0 1 1 
52 4 1 0 1 1 1 0 1 1 1 0 1 0 1 1 1 0 0 1 0 1 1 1 0 1 1 1 1 1 0 0 0 1 0 1 1 1 1 0 0 0 0 1 0 1 1 1 1 1 1 1 0 0 
52 3 0 1 1 1 0 0 0 0 0 1 1 0 0 0 1 0 1 0 0 0 0 1 1 0 1 1 1 0 1 1 1 0 0 0 1 0 1 1 0 1 1 1 1 1 0 1 0 1 1 0 1 1 
52 5 1 1 1 0 0 1 1 1 0 1 1 1 1 1 0 0 0 1 1 1 1 1 1 0 1 0 1 1 0 0 1 1 0 0 1 0 0 0 0 0 0 1 1 1 1 1 1 1 1 1 0 0 
52 5 0 0 1 0 1 0 0 1 0 1 1 0 0 0 0 1 0 1 1 1 0 0 0 0 1 1 1 0 0 1 0 0 1 1 0 0 0 1 1 0 0 1 0 1 1 1 0 1 0 1 0 0 
52 6 1 0 0 0 1 1 0 0 1 0 1 1 1 1 1 0 1 1 0 0 1 1 1 0 1 0 0 0 0 1 1 1 1 0 0 1 1 0 1 0 1 1 1 0 0 0 0 1 1 0 1 1 
52 5 0 1 1 0 0 0 1 1 1 0 0 1 0 1 0 1 1 1 0 0 0 0 0 1 0 0 0 0 1 1 0 0 1 0 0 1 0 1 0 1 0 0 1 0 0 1 1 1 0 1 1 1 
52 2 1 0 1 1 0 0 1 0 0 1 1 0 1 0 0 1 0 0 1 0 1 1 0 0 1 1 1 0 0 0 0 0 0 1 1 0 1 0 0 0 1 1 0 1 1 1 0 1 1 1 0 0 
52 1 0 0 1 0 1 0 0 1 0 0 1 1 0 0 1 0 0 1 0 0 1 1 1 0 1 1 1 0 1 1 0 1 0 0 1 1 0 0 1 0 0 0 1 0 0 0 1 1 1 1 1 1 
0