39 5 0 0 1 0 1 0 1 0 1 1 1 0 1 0 0 1 1 1 1 0 1 1 1 1 1 1 0 1 0 1 1 0 0 0 1 1 1 0 1 
39 1 1 0 0 0 0 0 1 1 0 1 1 1 0 0 0 1 1 0 0 0 1 1 0 1 0 1 0 1 1 0 1 0 0 1 0 1 0 0 0 
39 3 1 0 1 1 0 1 0 0 1 1 0 0 0 0 0 0 0 0 1 1 0 0 0 1 0 0 0 0 0 0 0 1 0 1 0 1 0 1 1 
39 2 0 1 1 0 1 1 1 1 0 0 1 0 1 1 1 1 1 1 1 0 0 1 1 0 0 0 1 0 1 0 1 1 1 0 1 1 0 0 0 
39 3 1 1 0 0 0 0 1 0 1 0 0 1 1 1 0 1 1 1 1 0 0 0 1 1 0 1 0 0 1 1 0 0 0 1 0 1 1 1 1 
39 1 1 1 0 0 0 0 1 0 1 0 0 1 0 0 1 1 1 1 1 0 0 0 1 1 1 1 0 0 1 1 0 0 0 0 1 0 0 0 0 
39 5 1 1 1 1 1 0 0 0 0 0 0 0 0 1 1 1 1 1 1 0 0 1 0 0 0 1 1 0 0 1 0 1 0 0 0 1 0 1 1 
39 3 1 0 1 1 1 0 0 0 0 1 0 0 0 1 1 0 0 0 1 0 1 1 1 0 1 0 1 0 1 1 0 0 1 1 1 0 0 1 1 
39 1 0 1 0 0 0 1 1 1 1 0 1 1 1 1 1 1 1 0 1 0 1 1 0 0 1 1 1 1 0 0 1 0 1 1 0 0 1 1 1 
39 3 1 0 1 1 1 0 0 0 1 1 0 0 0 0 1 1 1 0 0 1 0 1 1 1 1 0 1 0 1 0 0 1 1 0 0 0 0 0 1 
39 2 1 1 0 1 0 1 1 1 1 1 1 1 1 0 0 0 0 0 0 0 0 0 1 1 0 1 0 1 1 1 0 0 0 0 1 0 1 0 0 
39 3 0 1 1 1 1 0 1 0 0 1 0 0 1 1 0 0 0 0 1 1 1 1 1 1 0 0 0 1 1 0 0 1 1 1 0 0 1 1 0 
39 6 0 0 0 1 1 0 1 1 0 0 0 1 0 1 0 0 0 0 1 1 0 1 0 1 1 0 0 0 1 0 0 1 1 0 0 0 0 0 0 
39 3 0 0 1 0 0 1 0 0 0 0 1 0 1 1 0 0 1 0 1 0 0 1 1 1 1 1 0 1 1 0 1 0 0 0 0 0 1 1 0 
39 6 1 1 0 0 0 0 1 1 0 0 1 0 1 0 0 0 0 0 1 1 0 0 1 0 0 0 1 1 1 1 1 0 1 1 0 1 1 1 1 
39 2 1 0 1 0 1 1 0 1 1 1 0 1 1 0 0 1 0 1 1 1 0 0 1 1 1 1 1 0 1 0 1 0 0 0 1 1 0 1 0 
39 2 1 1 1 0 1 1 0 1 0 1 0 0 1 1 0 0 0 1 0 1 1 1 0 1 1 1 1 1 0 1 1 1 0 0 0 1 1 0 0 
39 2 1 0 1 0 1 1 0 0 0 0 1 1 1 1 1 0 0 0 0 1 1 1 0 0 1 0 1 0 0 0 1 1 0 0 1 0 0 1 0 
39 5 1 1 0 0 1 1 1 1 1 1 0 0 0 1 0 1 1 0 1 0 0 0 1 0 0 1 0 0 0 0 1 0 0 1 0 1 0 1 0 
39 2 0 1 1 0 0 0 1 1 0 0 1 0 0 1 0 1 0 1 1 0 1 0 0 1 1 1 0 1 0 1 0 1 0 0 1 0 0 1 1 
0