37 2 1 1 0 1 0 1 0 0 0 1 0 1 1 0 1 1 0 0 1 1 0 0 1 0 0 0 1 0 1 1 0 0 1 0 1 1 0 
37 6 1 0 1 0 1 0 0 0 1 0 0 1 0 1 1 1 1 0 1 0 0 0 0 0 1 1 1 0 0 1 0 1 1 1 1 0 1 
37 5 1 0 0 1 1 0 0 1 0 1 1 1 0 1 0 0 0 1 1 1 1 1 0 1 0 1 0 0 1 1 0 0 0 0 0 1 1 
37 5 0 1 0 1 0 0 1 0 0 1 1 1 0 1 0 0 0 0 1 1 0 0 0 0 1 0 1 1 0 0 1 0 1 1 0 1 1 
37 4 0 1 0 1 0 0 0 0 0 1 1 1 0 1 1 0 0 0 1 1 1 1 1 1 1 0 0 1 1 0 0 1 1 0 1 0 0 
37 4 0 0 0 1 1 0 1 1 1 1 1 0 0 1 1 1 0 0 1 0 0 0 0 0 0 0 1 1 0 1 0 0 0 1 0 1 1 
37 4 0 0 0 0 0 0 1 1 1 1 0 0 1 0 0 0 0 0 0 1 1 0 1 0 0 1 1 0 0 0 1 1 1 1 1 1 1 
37 1 1 0 1 1 0 0 1 1 0 1 1 0 1 1 0 0 1 1 1 0 1 1 0 1 0 1 0 1 1 0 1 0 0 0 1 1 1 
37 5 0 1 1 1 0 0 0 0 0 1 1 1 1 1 1 0 0 1 1 0 1 0 0 0 0 1 1 1 0 0 1 0 1 1 1 1 1 
37 3 0 0 1 1 1 1 0 0 1 0 0 0 1 1 1 1 1 1 0 0 1 0 0 0 0 0 1 0 1 1 0 1 1 1 1 0 0 
37 6 1 1 0 1 0 1 0 1 0 1 0 1 0 1 1 0 0 0 0 1 0 0 0 0 1 1 1 0 0 0 0 1 1 0 0 1 1 
37 5 0 1 1 1 0 1 0 0 0 0 0 0 0 0 0 0 0 0 0 1 0 0 1 0 1 1 0 1 0 1 1 1 1 0 0 1 0 
37 1 1 0 1 1 0 1 1 1 1 1 1 1 1 1 1 0 0 0 1 0 1 0 0 0 1 1 1 1 0 1 1 0 1 0 1 1 1 
37 6 0 1 0 1 0 1 1 0 0 1 0 1 1 0 1 1 0 0 0 1 1 1 0 1 1 1 1 0 1 1 1 1 0 0 1 0 1 
37 1 0 1 1 1 1 0 1 0 0 1 1 0 1 0 1 1 1 0 1 1 1 0 0 0 1 0 0 0 0 0 0 1 1 1 0 0 0 
37 6 1 0 0 0 0 1 0 0 1 0 0 0 1 1 0 1 0 1 1 0 0 1 0 0 0 0 0 0 0 0 1 1 0 0 1 0 1 
37 5 0 0 0 1 0 1 0 0 0 0 0 1 1 0 0 1 0 1 1 0 1 0 0 1 1 0 1 1 1 0 1 1 1 1 0 1 0 
37 2 0 0 1 0 1 0 0 1 0 0 0 1 1 0 1 1 1 1 0 0 0 1 0 1 0 1 0 1 1 0 0 1 0 1 1 1 0 
37 4 0 0 1 1 1 0 1 1 0 0 0 0 0 0 1 0 1 1 0 1 0 1 1 0 0 1 0 1 0 0 0 0 0 1 1 1 0 
37 5 0 0 0 0 0 0 0 1 1 1 0 1 0 1 0 1 1 0 0 1 1 0 1 1 1 1 0 0 1 0 1 1 0 1 0 0 0 
0