53 1 0 1 1 1 1 1 0 0 1 0 0 1 1 0 1 1 1 1 0 1 1 0 0 1 1 1 1 0 0 0 0 0 1 1 0 0 0 0 1 0 0 1 1 0 1 1 1 0 0 1 0 1 0 
53 3 1 1 1 0 0 1 0 0 1 1 0 1 0 0 0 1 0 0 0 0 0 0 1 0 0 1 1 0 1 1 0 0 1 1 0 1 0 0 1 0 1 1 1 1 0 1 0 0 0 1 0 0 1 
53 4 0 1 1 0 0 0 1 0 0 0 0 0 1 0 0 1 0 1 0 0 1 0 1 1 1 1 0 1 0 1 1 0 1 0 0 1 0 0 1 0 0 1 0 0 0 0 1 0 1 1 0 0 0 
53 3 0 1 1 0 0 1 0 1 0 1 1 0 0 1 0 1 1 1 1 1 1 1 1 0 1 1 1 0 1 1 0 1 0 1 0 1 1 0 0 1 1 0 1 1 1 0 0 1 1 1 0 0 0 
53 1 0 0 1 1 0 0 1 0 0 1 1 0 0 0 0 1 1 1 1 1 0 0 1 0 1 0 0 0 0 0 0 0 0 1 1 0 1 0 0 1 0 0 1 0 0 1 1 0 0 0 1 0 1 
53 1 1 0 0 1 0 0 1 0 0 0 1 1 0 1 0 1 0 0 1 0 0 1 1 0 1 0 0 0 0 1 0 1 0 0 0 0 0 0 1 0 0 0 0 0 1 0 1 0 0 0 0 0 0 
53 2 0 1 1 1 0 0 0 0 1 0 1 0 1 1 0 0 0 0 0 0 0 0 0 0 0 0 0 0 0 0 1 1 0 1 0 0 1 0 0 0 1 1 0 0 1 0 0 1 0 0 1 1 0 
53 6 1 0 1 1 0 1 0 0 0 0 1 0 0 0 1 0 0 0 0 1 0 1 1 0 0 0 0 1 1 1 0 0 1 1 1 0 0 1 0 1 1 1 1 1 1 0 0 1 0 0 0 0 1 
53 5 0 1 0 1 0 1 0 0 1 1 1 0 1 1 0 1 0 1 0 0 1 1 0 1 1 1 1 1 1 0 1 0 1 1 1 1 0 1 1 1 0 0 0 0 1 0 1 0 1 0 0 0 1 
53 5 1 0 1 0 0 1 0 1 1 1 1 0 0 1 1 1 1 1 1 1 1 1 1 1 1 0 1 1 1 0 1 0 1 1 1 1 0 1 0 1 1 1 1 1 1 0 1 0 1 0 1 1 1 
53 3 0 0 0 1 1 1 1 1 0 0 0 1 1 0 0 0 1 1 1 0 1 0 0 0 0 1 0 1 0 0 1 0 0 0 1 0 1 1 1 1 1 1 0 1 1 1 1 0 0 0 0 1 1 
53 5 1 1 1 0 1 0 0 0 0 0 0 0 0 0 1 1 1 0 0 0 1 1 1 0 1 1 1 1 1 0 1 0 1 1 0 0 1 0 1 1 1 1 1 1 1 0 1 1 1 1 1 0 1 
53 3 1 0 1 0 0 0 0 1 1 1 0 1 0 1 0 1 1 1 0 0 0 0 1 1 1 0 1 0 0 0 0 1 0 1 1 0 0 1 0 1 1 0 0 1 0 0 0 1 1 0 1 0 0 
53 1 1 1 0 0 1 1 0 1 0 1 1 0 1 1 1 1 0 0 0 0 1 0 1 1 1 0 0 0 0 0 1 0 0 1 0 1 0 1 1 1 0 0 1 1 1 0 1 1 1 1 1 0 1 
53 5 0 0 1 0 0 1 0 1 1 0 1 0 0 1 1 1 0 1 1 1 0 0 0 1 1 1 0 0 1 1 1 1 1 0 1 0 1 0 1 1 0 0 1 0 0 0 1 0 1 0 0 1 0 
53 5 1 1 1 1 0 0 1 1 0 0 1 1 0 0 1 0 1 0 0 0 0 0 0 0 1 1 0 1 1 1 1 0 0 0 1 0 0 0 1 0 1 0 0 1 1 1 1 0 1 0 1 0 0 
53 4 0 1 1 0 0 0 1 1 0 0 1 1 0 0 0 0 0 1 0 0 0 1 0 0 0 1 0 1 1 0 0 1 0 1 0 0 1 1 0 1 1 1 1 0 1 1 0 0 0 0 0 0 0 
53 1 0 0 0 0 1 1 1 1 1 1 1 1 1 0 0 1 0 0 1 1 0 0 0 0 0 0 0 1 0 0 1 1 0 1 1 1 1 0 1 0 1 0 1 1 0 1 0 0 1 1 1 1 0 
53 4 1 0 1 0 1 0 0 1 1 1 0 0 0 1 1 1 1 0 1 0 1 0 0 0 0 1 1 0 1 1 1 0 0 1 0 1 1 1 0 0 0 1 0 0 0 1 0 0 0 1 0 1 1 
53 1 1 0 0 1 0 1 0 1 1 0 0 0 0 1 1 0 1 1 1 0 1 0 1 1 0 1 1 0 1 0 1 0 0 1 1 0 0 0 0 1 0 0 1 0 0 0 1 1 1 0 1 1 0 
0