28 6 1 0 0 1 1 1 0 0 1 1 0 1 0 1 1 0 1 0 1 0 1 0 1 1 1 1 1 1 
28 3 1 0 1 1 1 1 1 0 1 1 0 0 1 1 0 0 0 1 1 0 0 1 1 1 1 1 0 0 
28 5 1 1 1 0 0 0 1 1 1 1 0 1 1 1 0 1 1 1 1 0 0 0 1 0 1 0 1 0 
28 5 1 0 0 0 1 0 1 0 1 0 1 0 1 0 0 0 1 1 1 0 0 0 0 0 1 0 0 1 
28 2 0 1 1 1 1 1 0 1 0 0 0 1 0 1 0 0 1 0 1 0 1 1 0 1 0 1 0 0 
28 6 1 0 1 1 1 0 0 0 1 0 1 1 0 0 1 1 0 0 0 0 1 0 1 1 1 1 1 0 
28 4 1 1 1 1 0 0 0 1 0 1 0 0 0 1 1 0 1 0 0 1 1 0 0 1 1 1 0 0 
28 5 0 0 0 1 1 1 0 1 0 1 1 1 1 0 1 0 1 1 1 1 1 0 0 1 1 0 0 0 
28 5 1 1 1 1 1 0 0 0 0 1 0 1 0 1 0 0 0 1 1 1 0 1 0 1 1 1 0 1 
28 3 0 0 1 1 1 0 0 1 0 1 0 1 1 1 1 1 0 0 1 1 1 1 1 0 1 0 0 1 
28 5 1 1 1 1 0 0 0 0 1 0 0 0 0 1 1 1 0 0 1 0 0 0 0 1 0 0 0 0 
28 3 1 1 0 0 0 1 0 0 0 0 1 0 0 1 0 1 1 1 0 1 1 0 1 1 0 0 1 1 
28 2 0 1 0 1 1 1 1 1 1 1 1 0 1 1 0 0 1 0 1 0 0 1 1 0 0 1 1 1 
28 1 0 0 0 1 0 1 1 1 0 0 1 0 1 1 1 0 1 1 1 1 1 1 1 0 1 0 0 0 
28 2 1 0 1 1 1 0 0 0 1 1 1 1 0 1 0 1 0 0 1 1 1 0 0 1 0 0 0 0 
28 2 0 1 0 0 0 0 1 0 0 0 0 1 1 1 0 0 0 1 0 0 0 1 0 1 0 1 1 0 
28 2 1 1 1 0 0 1 0 0 1 0 0 1 0 1 0 0 1 0 0 1 0 0 1 1 0 0 1 1 
28 2 0 0 0 1 1 0 1 1 0 1 0 1 1 1 1 1 1 1 0 1 1 1 1 0 1 0 0 1 
28 3 0 1 0 0 1 1 0 0 1 1 0 0 1 1 0 0 1 1 1 0 1 0 0 1 1 0 0 1 
28 3 1 1 0 0 1 1 0 1 1 0 0 0 0 0 1 0 0 1 1 1 0 1 1 0 1 0 1 1 
0