47 6 0 0 0 0 1 0 1 1 0 0 1 0 1 0 0 1 0 1 1 1 0 0 0 0 1 1 0 1 0 0 0 1 0 0 1 0 0 0 1 0 0 0 0 1 0 1 1 
47 4 0 0 0 1 1 0 1 0 1 1 1 1 1 0 0 0 0 1 0 1 1 1 1 1 1 0 1 1 1 0 0 1 0 0 0 1 0 1 0 1 0 1 1 0 1 1 0 
47 3 1 0 1 0 1 0 0 0 0 1 1 1 1 0 1 1 0 1 1 1 1 1 0 1 0 1 1 0 1 1 0 0 1 1 0 0 1 0 0 0 1 0 1 0 0 0 0 
47 3 0 1 1 1 0 0 0 0 1 0 0 0 1 0 0 1 1 1 1 1 1 0 1 1 0 0 1 0 1 1 0 1 0 0 0 0 0 0 1 1 0 1 0 0 0 0 1 
47 4 1 0 0 1 0 1 0 0 0 1 0 1 1 1 0 1 1 0 0 1 0 1 0 1 0 0 1 0 1 0 0 0 0 0 1 1 0 1 1 0 1 0 1 0 1 1 1 
47 5 1 1 1 1 0 1 0 1 0 1 1 1 1 1 1 0 0 1 1 0 0 0 0 1 0 1 1 1 0 1 1 1 0 0 0 1 0 1 0 0 0 1 1 0 1 0 0 
47 6 1 1 1 0 1 1 1 0 0 1 1 0 0 1 1 0 1 1 1 1 0 1 1 1 1 0 1 0 1 1 1 0 0 0 0 1 1 0 1 1 1 1 1 1 0 0 1 
47 6 1 1 1 0 0 0 1 1 1 0 1 0 1 0 0 1 0 1 0 1 1 0 0 0 1 1 1 1 1 0 0 1 1 1 1 0 0 0 1 1 0 1 1 1 1 1 0 
47 5 0 0 1 1 0 0 1 1 1 0 0 1 1 1 0 0 0 1 0 0 1 0 1 1 1 0 0 0 0 0 0 0 0 0 0 1 0 1 0 1 0 1 0 1 0 0 1 
47 5 1 0 1 0 0 0 1 1 1 1 1 1 1 0 1 0 0 1 1 0 1 1 1 1 0 0 0 0 0 1 1 0 1 0 0 1 0 0 0 1 1 0 0 1 0 0 1 
47 1 1 0 0 0 1 1 1 0 1 1 0 0 1 1 0 0 1 0 0 0 0 0 1 0 0 0 1 0 0 0 0 1 0 0 0 1 0 1 1 1 1 0 1 0 1 1 0 
47 6 0 0 1 0 1 0 0 1 0 1 0 0 1 0 0 1 1 0 1 1 1 0 0 0 0 0 0 0 1 1 1 1 1 0 0 0 0 0 0 1 0 0 1 1 0 1 1 
47 6 1 0 0 1 0 1 1 1 1 0 1 0 1 0 0 0 0 0 1 0 0 1 1 0 1 1 0 1 0 1 1 0 1 1 1 1 0 0 0 1 0 1 0 1 1 0 0 
47 6 0 1 0 0 0 1 1 1 0 1 0 1 0 1 1 1 1 0 0 1 0 1 1 1 0 1 0 0 1 0 1 1 1 1 1 1 1 0 0 1 1 1 0 1 0 1 0 
47 2 1 1 1 0 0 0 1 0 1 1 0 0 0 0 1 1 1 0 1 0 1 1 0 0 0 0 0 1 0 0 0 1 1 1 1 1 1 0 0 0 0 0 0 0 0 1 1 
47 1 0 0 0 1 0 0 1 0 1 1 1 1 0 0 0 1 1 0 1 1 0 1 1 0 1 0 0 0 1 0 0 1 0 0 0 0 1 0 1 0 1 0 1 1 0 1 1 
47 5 1 0 1 0 1 0 0 0 0 1 0 0 1 0 1 1 1 0 0 0 0 1 0 1 1 1 1 0 0 0 0 0 0 1 0 1 1 0 1 0 1 0 0 0 0 1 0 
47 4 1 0 1 1 1 1 1 0 0 0 0 1 0 0 1 0 1 1 1 1 1 0 1 1 0 1 1 1 0 1 0 0 1 0 1 0 1 0 1 0 0 1 1 0 0 0 0 
47 2 1 1 0 0 0 1 1 0 0 1 1 1 0 0 1 0 0 0 0 1 1 1 1 1 1 0 0 1 0 0 0 1 0 1 0 0 0 1 0 1 0 0 0 1 0 1 1 
47 1 1 1 1 0 1 1 0 0 1 0 1 0 0 1 1 0 0 1 0 1 1 1 0 1 1 0 0 1 1 1 1 0 1 0 1 0 1 1 0 1 1 1 1 1 0 0 0 
0