22 6 0 1 0 1 0 0 1 1 0 1 1 1 1 0 0 0 0 1 1 1 1 1 
22 5 0 0 0 1 0 1 1 0 1 0 0 1 1 0 0 0 0 1 0 1 0 0 
22 1 0 0 1 1 1 0 0 1 0 0 0 0 1 1 1 1 1 0 1 0 1 0 
22 1 1 0 1 1 0 1 0 0 1 0 1 1 0 0 1 1 0 0 1 0 1 1 
22 5 0 0 0 1 0 1 1 0 0 0 1 0 0 0 0 0 1 0 1 0 0 1 
22 1 0 0 0 1 0 1 0 0 1 0 0 0 0 1 0 0 0 0 1 0 0 1 
22 1 0 1 0 1 1 1 1 1 1 1 1 0 1 0 1 0 1 1 0 0 0 0 
22 5 0 0 0 0 0 0 1 0 0 0 0 1 0 1 0 1 0 1 1 1 1 1 
22 3 1 1 1 1 1 1 1 1 0 1 1 0 1 1 1 1 1 0 0 0 0 1 
22 4 1 0 0 0 1 1 0 1 0 1 0 0 0 0 1 1 0 1 0 0 0 1 
22 2 0 0 1 0 0 1 1 1 1 1 0 1 0 1 1 1 0 0 0 0 0 0 
22 4 1 0 0 1 0 1 0 1 1 0 1 1 1 0 0 0 1 0 0 1 0 0 
22 3 0 0 1 0 0 1 0 1 1 0 0 0 0 1 1 1 0 1 0 1 0 1 
22 2 1 0 1 1 1 0 1 0 0 1 1 0 1 0 0 1 1 0 1 0 0 0 
22 4 1 0 0 0 1 1 1 0 0 1 0 1 1 0 1 1 0 0 0 0 0 0 
22 1 1 0 0 0 0 0 0 1 1 0 1 1 1 0 0 1 0 0 1 0 1 1 
22 2 0 1 1 0 1 1 0 1 0 0 1 0 0 1 0 1 1 0 1 0 1 1 
22 4 1 0 1 0 0 0 0 1 0 1 0 0 1 0 0 0 0 1 0 1 1 1 
22 2 1 0 0 0 1 1 1 0 0 1 1 1 1 1 1 0 1 0 1 1 1 1 
22 6 0 1 0 0 0 0 1 0 1 0 0 1 1 1 0 1 0 0 0 1 1 1 
0