44 6 0 1 1 0 1 0 0 1 1 0 0 0 1 0 0 0 1 1 1 0 0 1 0 0 1 1 1 0 1 1 1 0 0 0 0 1 0 0 0 1 1 0 0 0 
44 4 0 0 0 1 1 0 1 1 0 1 0 1 0 0 1 1 1 1 1 1 1 0 1 0 0 0 1 0 0 1 1 0 0 1 1 1 1 0 0 1 1 0 1 1 
44 5 0 0 1 1 1 0 0 1 1 0 1 0 1 0 0 1 1 1 1 1 0 0 0 1 1 0 0 1 1 0 0 1 0 1 0 0 0 0 1 1 1 1 1 0 
44 2 0 1 0 1 0 1 1 1 0 0 0 0 1 1 1 1 1 0 1 1 0 1 1 0 1 0 1 0 0 0 1 0 1 1 1 0 1 0 1 1 1 1 1 0 
44 3 0 1 0 0 0 1 0 0 0 0 1 0 0 1 0 0 0 0 1 1 1 1 0 0 0 1 1 1 0 1 0 0 0 0 0 0 1 0 0 1 1 1 1 1 
44 3 0 1 0 0 0 0 0 0 0 0 0 0 1 0 0 0 0 1 0 0 1 0 1 0 1 0 1 0 1 0 1 1 1 1 0 1 1 0 1 0 0 0 0 1 
44 3 0 1 0 1 1 0 1 1 1 1 0 1 0 1 0 0 0 0 1 1 0 0 1 0 0 1 0 0 1 1 0 1 0 0 1 1 0 0 0 1 1 1 0 1 
44 5 0 1 0 0 0 1 0 0 0 0 0 1 0 0 0 1 0 0 1 0 1 0 0 1 1 1 0 0 1 1 0 0 0 0 0 0 1 1 0 0 1 1 1 0 
44 4 0 1 0 0 1 0 1 1 1 0 0 0 0 0 0 1 0 0 1 0 0 1 0 1 1 0 1 0 1 1 0 1 0 0 1 1 0 0 1 1 0 1 0 0 
44 5 0 1 0 0 0 1 0 1 1 0 1 1 1 1 0 0 1 0 0 1 1 0 0 0 1 1 0 0 1 1 0 1 0 1 1 1 0 0 0 1 0 1 0 1 
44 6 0 1 0 0 1 0 0 1 0 0 0 1 0 1 1 1 1 0 0 0 0 1 0 0 1 1 0 1 1 1 0 0 0 0 0 1 0 0 1 0 0 1 0 1 
44 3 1 0 0 1 0 0 1 1 1 1 1 0 1 0 0 0 0 0 0 0 0 0 1 1 1 1 1 0 1 0 1 0 1 1 0 1 1 1 1 0 1 0 1 0 
44 1 1 1 0 1 1 0 1 1 1 0 0 1 0 1 0 0 0 1 1 1 1 1 0 0 0 1 1 0 0 0 0 1 1 0 0 0 0 1 0 0 0 0 1 0 
44 6 1 0 1 0 0 0 1 1 1 0 1 0 1 1 0 1 1 1 0 1 1 1 1 0 1 1 0 1 0 0 1 0 1 0 0 1 1 0 0 0 0 1 0 1 
44 5 0 1 1 1 1 0 0 0 1 0 1 1 1 1 1 1 0 1 0 0 0 1 1 0 1 1 0 0 1 1 0 1 0 1 0 0 1 0 0 1 1 0 0 0 
44 4 1 1 1 1 0 1 1 1 1 1 1 0 1 1 0 0 0 1 1 1 0 1 1 0 1 0 1 1 0 1 0 1 1 1 0 1 1 1 0 0 0 1 0 1 
44 4 0 0 1 0 1 0 0 0 1 0 1 1 0 1 1 1 1 1 0 1 1 1 0 1 0 0 1 1 0 1 0 1 1 1 1 0 0 1 0 1 1 1 1 1 
44 1 0 1 0 1 1 1 1 1 1 0 1 1 1 0 1 0 1 0 1 0 1 1 0 0 1 0 0 1 1 1 1 1 0 1 1 0 0 0 1 1 0 0 0 1 
44 5 0 0 1 0 1 0 0 1 0 0 0 0 0 1 1 0 1 1 0 0 0 0 1 0 1 0 0 1 1 1 0 1 1 1 1 1 1 1 0 0 0 0 0 0 
44 1 0 0 1 1 1 1 1 1 0 1 1 1 1 0 0 0 0 1 0 0 0 1 1 0 1 1 0 1 0 0 1 0 1 0 1 0 0 0 1 0 1 0 1 0 
0