35 6 1 0 1 0 1 0 1 1 0 0 0 1 1 1 0 1 1 0 1 0 1 1 0 1 0 1 0 1 0 0 1 0 1 0 0 
35 5 1 1 0 1 1 0 0 1 1 0 0 0 0 1 0 1 0 1 1 1 0 1 0 0 0 1 0 1 0 0 1 1 1 1 0 
35 4 1 0 0 0 0 0 1 1 0 1 0 0 0 1 1 0 1 0 1 1 1 1 0 1 0 1 0 1 1 0 0 0 0 0 1 
35 2 1 0 0 1 1 0 1 0 0 1 0 1 1 1 0 0 1 0 0 1 1 0 0 0 1 1 1 1 1 0 0 0 0 0 1 
35 2 1 1 1 1 0 0 0 1 1 0 1 0 0 1 1 1 0 0 0 1 1 1 0 0 1 1 1 1 1 0 0 0 1 0 1 
35 6 0 1 0 1 1 0 0 1 1 1 1 1 1 1 0 0 0 1 1 1 0 0 0 1 0 0 0 0 0 1 1 0 1 0 0 
35 1 0 0 0 1 1 1 1 1 0 1 1 0 0 0 1 0 0 1 0 1 1 0 1 0 1 0 0 0 0 0 1 0 0 1 0 
35 3 0 1 1 0 0 0 0 1 1 1 1 1 0 1 0 1 1 1 1 1 0 0 1 0 0 0 1 1 1 1 1 1 0 0 1 
35 5 0 1 1 1 0 1 1 0 0 1 0 0 1 1 1 1 1 0 1 0 1 0 1 0 1 0 0 1 0 1 0 0 1 1 0 
35 2 0 1 0 1 0 0 1 1 1 0 0 1 0 0 1 1 0 0 0 0 0 0 1 0 1 1 0 0 1 0 0 1 1 0 0 
35 5 0 1 1 1 1 0 0 0 0 1 1 0 1 1 0 1 1 0 1 1 1 0 1 0 0 1 0 0 1 0 0 1 0 1 1 
35 6 1 1 1 1 1 1 0 0 0 0 0 0 0 1 1 0 1 0 0 0 0 0 0 1 1 0 1 1 1 0 0 1 1 0 0 
35 3 1 0 1 1 1 1 1 1 0 0 1 0 1 0 0 1 0 0 0 1 0 1 0 1 1 1 0 1 1 1 1 0 1 0 1 
35 5 1 1 0 0 1 1 0 0 1 0 1 0 0 0 1 0 1 0 1 1 1 0 0 0 1 1 0 0 0 1 1 1 0 1 1 
35 1 0 1 0 0 1 0 0 1 0 1 1 1 1 1 0 0 1 0 0 0 0 0 0 0 0 1 1 0 0 1 0 1 0 1 1 
35 5 1 1 1 1 0 1 0 0 0 1 0 1 1 1 1 1 1 1 1 1 1 1 0 1 0 0 0 0 1 1 0 0 0 0 1 
35 2 1 0 1 1 1 1 0 0 0 1 0 0 0 1 1 1 0 1 1 0 0 1 1 1 1 1 0 1 1 1 0 0 1 1 1 
35 5 1 1 1 1 0 1 1 1 0 1 0 1 0 1 1 0 1 0 0 0 0 0 1 1 1 0 0 1 1 1 1 0 1 0 0 
35 6 1 1 0 0 0 1 1 1 0 0 1 1 1 1 1 1 1 1 0 1 1 0 0 0 0 1 1 1 0 1 0 1 0 1 1 
35 2 0 0 0 0 1 1 0 0 1 1 1 0 0 1 1 1 0 1 0 0 1 1 1 1 0 1 0 0 0 0 1 0 0 1 1 
0