13 5 0 0 0 1 0 1 1 1 1 1 0 1 1 
13 4 1 1 0 1 0 1 1 0 1 0 0 1 0 
13 6 1 0 1 0 1 1 1 1 0 0 0 0 0 
13 1 1 1 0 0 0 0 1 1 1 0 1 0 0 
13 4 0 0 0 1 1 1 1 0 0 0 1 1 1 
13 4 1 1 1 0 0 1 1 1 0 0 0 1 1 
13 4 0 1 0 0 0 1 1 1 0 1 1 1 1 
13 5 0 0 1 1 1 0 1 0 0 0 1 0 1 
13 4 1 0 0 1 1 0 1 1 1 1 0 0 0 
13 6 1 1 1 1 0 0 0 1 1 1 1 1 0 
13 1 1 1 1 0 1 1 0 0 0 1 0 1 0 
13 1 1 0 0 0 0 1 1 0 0 1 1 1 1 
13 4 0 1 1 1 0 1 1 1 0 1 1 0 1 
13 4 0 1 0 1 0 0 0 0 1 1 0 1 1 
13 2 0 0 0 0 1 0 1 1 1 1 0 1 0 
13 6 0 1 1 0 1 1 1 1 1 1 1 0 1 
13 6 0 0 0 0 0 1 1 1 1 0 0 0 1 
13 3 1 0 1 1 1 0 1 0 1 1 1 0 0 
13 3 1 1 1 1 1 0 1 1 1 0 0 0 1 
13 1 0 0 0 1 0 0 1 0 0 0 0 0 1 
0