58 4 0 1 1 1 1 0 0 0 0 1 1 1 0 0 0 1 1 1 1 0 0 1 1 1 1 0 1 1 1 1 0 1 0 1 0 1 1 1 1 1 0 0 0 0 0 0 1 1 1 0 1 0 0 0 1 1 1 0 
58 5 0 1 1 1 1 0 0 0 0 1 0 1 1 0 0 0 1 0 1 0 0 0 0 0 0 0 1 1 1 0 1 1 1 0 1 1 1 1 1 1 0 1 0 1 0 0 1 1 1 1 1 1 1 1 1 1 0 0 
58 1 1 0 1 1 0 0 0 1 1 1 0 0 1 0 0 0 0 1 0 1 0 1 0 1 0 0 0 1 0 0 1 1 1 0 0 1 0 0 0 1 1 0 1 0 0 0 1 0 1 1 1 1 0 0 0 0 0 0 
58 4 0 0 0 1 1 0 0 0 1 0 0 0 0 1 0 0 1 0 1 0 1 0 1 0 0 1 0 0 1 0 1 1 0 1 1 0 0 1 0 1 1 1 1 1 0 1 0 1 1 1 1 0 0 1 0 0 0 0 
58 4 0 0 0 1 1 0 0 1 0 1 1 1 1 0 0 0 0 0 0 0 1 0 1 0 0 0 0 0 1 1 1 1 1 0 0 0 0 1 1 0 0 1 1 1 1 1 0 0 1 0 0 1 0 1 1 0 0 1 
58 2 1 0 0 0 0 0 0 0 0 1 0 0 0 1 1 1 0 1 1 0 0 0 0 1 0 0 0 1 0 0 0 1 0 0 1 0 1 1 1 1 1 1 0 1 0 1 0 0 0 0 1 1 0 1 0 0 1 1 
58 4 1 1 1 0 1 0 1 0 1 1 1 0 0 0 0 1 0 0 1 0 0 1 1 1 1 1 0 0 0 1 1 0 0 1 0 1 1 0 1 0 1 0 0 1 0 1 0 0 1 1 1 1 1 0 1 0 1 1 
58 5 0 0 0 0 0 1 0 1 0 0 1 0 1 1 0 0 0 1 0 0 0 0 1 0 1 0 1 1 1 0 0 1 0 0 1 0 1 0 1 1 0 0 1 0 0 1 0 0 1 1 0 1 1 0 1 0 0 0 
58 4 1 0 1 1 0 1 0 0 0 0 0 1 1 0 0 1 0 0 1 0 1 0 1 0 1 1 0 1 1 0 1 0 1 0 1 1 0 0 0 0 0 0 0 1 0 0 0 1 0 0 1 1 0 0 0 0 1 0 
58 2 0 0 0 1 1 1 0 1 1 0 1 1 1 1 1 0 1 0 1 0 0 1 0 0 1 0 0 1 0 0 1 0 0 1 1 0 0 0 1 1 0 0 1 1 1 0 0 0 0 1 1 1 0 1 1 1 1 1 
58 4 1 1 0 0 1 1 1 1 0 1 0 1 0 0 0 1 1 1 1 0 1 0 1 0 0 0 1 0 1 0 1 1 1 1 1 1 0 0 0 0 0 1 0 0 1 0 1 1 1 1 1 1 1 0 1 0 0 1 
58 5 1 1 1 0 1 0 1 0 0 0 0 1 0 1 1 0 1 1 1 0 1 0 1 0 0 1 1 0 1 0 0 0 0 1 1 1 1 0 1 1 0 1 0 0 1 1 0 0 1 0 0 0 0 1 0 0 0 1 
58 1 1 0 0 1 0 1 0 1 0 1 0 0 1 1 0 0 0 0 0 0 1 0 0 1 1 1 1 1 1 0 0 0 0 0 0 0 0 0 1 0 1 1 0 1 1 1 1 1 1 1 0 0 0 0 1 1 0 0 
58 1 1 0 0 0 1 1 0 1 1 0 1 1 0 0 0 1 1 1 0 1 0 1 1 0 1 1 1 0 1 1 1 1 1 1 1 0 0 1 0 1 1 1 1 1 1 1 0 1 0 0 0 0 0 1 0 1 0 1 
58 1 0 0 1 1 1 0 0 0 1 1 0 0 0 1 1 0 0 0 0 1 0 1 1 0 1 0 0 0 1 1 0 1 1 1 0 1 0 0 1 1 1 1 1 1 0 1 1 0 1 0 0 0 1 1 0 0 0 1 
58 3 1 0 1 0 0 0 0 1 0 0 0 1 1 1 1 0 1 0 0 1 1 0 1 1 1 1 0 1 1 1 1 0 1 0 0 1 1 0 0 1 0 0 1 1 1 0 1 0 0 1 0 1 1 1 1 0 0 1 
58 6 1 0 1 1 1 1 1 1 0 1 1 0 1 0 1 0 1 1 0 0 1 1 0 0 1 1 1 1 0 0 1 1 0 0 1 0 1 0 1 0 0 0 0 1 0 1 0 0 0 0 0 1 1 0 1 0 1 1 
58 3 1 1 1 1 0 1 0 0 0 0 1 0 0 1 0 0 0 1 0 0 1 0 0 0 1 0 0 0 1 1 0 1 0 1 0 0 0 0 0 0 0 1 1 1 1 1 1 1 1 1 1 0 1 1 1 0 1 1 
58 3 0 0 0 1 0 1 1 1 1 1 1 0 0 1 1 1 0 0 0 1 1 1 0 0 0 1 1 0 0 0 1 0 0 1 0 0 1 1 1 0 1 1 0 1 0 1 0 0 0 0 1 1 1 1 1 1 0 0 
58 2 0 0 0 0 0 0 0 1 1 0 0 1 1 1 0 0 1 1 0 1 1 0 0 1 1 1 0 0 1 1 1 1 1 0 0 0 0 0 1 1 0 1 0 1 1 0 1 0 0 1 0 1 1 0 0 0 0 1 
0