30 4 0 0 0 1 0 1 1 0 1 0 0 0 1 0 1 1 1 1 1 0 0 1 1 1 1 0 1 1 1 0 
30 1 1 1 1 0 1 0 1 0 1 1 0 1 0 1 1 1 0 0 0 0 0 1 0 1 0 0 0 1 1 1 
30 1 0 0 1 0 1 1 1 1 0 1 0 0 1 1 1 1 1 1 1 1 1 1 1 1 1 1 1 1 0 0 
30 4 0 0 0 0 0 1 0 1 1 1 1 1 0 0 0 1 1 1 1 1 1 0 0 0 1 0 1 0 0 0 
30 6 1 0 1 1 0 0 1 0 0 0 1 1 1 0 0 0 1 1 1 0 0 1 1 0 1 1 0 1 1 0 
30 4 0 0 0 0 1 1 1 1 1 0 0 0 1 0 0 1 0 0 1 0 0 0 1 1 1 0 1 1 0 1 
30 3 0 1 0 0 0 1 0 1 0 0 0 1 1 0 1 0 0 1 1 1 0 0 0 1 1 1 0 0 1 1 
30 5 1 0 1 0 1 0 0 0 1 0 0 0 1 1 1 1 1 1 1 0 1 1 1 0 0 0 0 1 1 1 
30 4 0 1 0 0 0 1 0 1 0 0 1 0 1 0 1 1 0 0 0 0 1 1 1 1 1 1 1 0 0 0 
30 1 1 0 0 1 0 1 0 1 1 0 1 1 0 1 1 1 1 1 1 0 1 0 1 0 1 1 0 0 1 0 
30 1 0 0 0 0 1 0 0 0 1 0 1 1 0 1 0 1 0 1 0 0 0 0 0 1 0 1 1 0 0 1 
30 5 1 0 0 1 1 0 1 1 0 1 1 1 0 0 1 1 0 0 0 1 1 0 1 0 0 0 1 0 0 0 
30 1 1 0 1 0 1 1 1 1 1 1 0 0 1 0 1 0 0 0 0 1 1 1 0 1 1 0 0 0 1 0 
30 5 0 1 1 1 0 1 0 1 0 1 1 1 0 1 0 1 0 0 1 1 1 0 0 0 0 0 0 0 1 1 
30 1 0 0 0 1 0 1 1 0 1 1 1 0 1 1 1 0 1 1 0 0 1 0 0 1 0 1 0 0 0 1 
30 4 0 1 1 1 1 0 1 1 1 0 1 0 1 0 1 0 1 0 0 1 1 0 0 1 1 1 1 1 1 0 
30 1 0 1 1 1 0 1 0 0 1 0 1 1 0 1 0 0 0 0 0 1 0 0 1 1 1 0 0 1 0 0 
30 4 0 1 1 1 1 0 0 1 1 0 0 0 0 1 0 0 1 1 0 1 1 1 0 0 0 1 0 1 1 0 
30 2 1 1 0 0 0 0 0 0 0 1 0 0 1 0 1 0 1 0 0 0 1 1 1 1 0 0 1 1 1 1 
30 3 0 0 0 0 0 1 1 0 1 0 1 1 1 1 0 1 0 0 0 1 1 1 0 0 1 0 1 1 1 0 
0