40 5 1 1 0 0 0 0 1 0 1 0 0 1 1 1 0 0 0 1 0 0 0 0 1 0 0 1 0 0 0 1 0 1 0 0 1 0 1 0 0 0 
40 4 1 1 0 0 0 0 0 1 0 0 1 1 0 1 1 1 1 0 1 0 0 0 1 1 0 1 0 0 0 0 1 1 0 1 1 0 0 1 1 0 
40 4 0 1 1 1 1 0 0 1 1 0 1 0 1 0 0 1 0 0 1 1 0 0 1 1 1 1 1 0 0 0 1 0 1 1 1 0 1 1 1 1 
40 4 1 1 1 1 1 0 0 1 1 1 1 1 0 1 0 1 0 0 1 0 1 1 0 0 0 0 0 1 0 1 0 1 0 1 0 1 1 0 0 0 
40 2 0 1 1 1 1 0 1 1 1 0 1 0 0 1 0 0 1 1 0 0 0 1 0 1 0 1 1 0 0 1 0 0 1 1 1 0 0 0 0 1 
40 3 1 0 0 0 0 1 0 0 1 0 0 1 1 1 1 0 0 1 0 0 1 0 1 1 1 1 1 0 1 0 0 0 0 1 1 1 0 1 1 1 
40 4 1 0 0 0 1 1 1 1 1 1 0 0 0 1 1 1 0 1 1 1 0 1 1 1 0 0 1 1 1 0 1 0 1 1 1 0 0 0 1 0 
40 4 0 0 1 1 1 0 0 1 1 1 1 1 0 0 1 1 1 1 0 1 0 1 0 1 0 1 0 0 0 0 1 0 0 0 0 1 0 0 0 0 
40 4 1 1 1 1 0 0 0 1 1 0 1 0 0 1 0 1 1 0 0 1 1 0 1 1 0 0 1 0 1 1 1 0 0 1 0 1 1 0 0 0 
40 3 0 0 1 1 0 0 0 0 0 1 1 1 0 0 1 0 0 0 1 1 1 0 0 0 0 1 0 0 1 0 1 1 1 0 0 1 0 0 0 1 
40 4 1 0 1 0 1 0 0 1 1 1 1 1 1 1 1 0 1 0 0 0 1 1 1 1 0 0 1 0 0 0 0 0 0 1 0 0 1 0 1 1 
40 2 0 0 1 0 0 1 1 0 1 1 1 1 0 0 1 1 1 1 1 0 1 1 0 1 1 0 0 1 0 1 1 0 0 0 0 0 1 0 0 1 
40 6 1 0 0 1 1 1 0 0 0 0 0 0 1 1 1 1 1 1 1 1 0 0 1 0 0 1 1 0 1 0 0 0 0 0 1 1 1 1 0 1 
40 3 0 1 1 1 1 0 0 0 0 1 0 0 0 0 0 1 1 1 0 0 1 0 0 1 1 0 0 1 0 1 1 0 1 0 1 0 0 1 0 0 
40 4 0 0 1 0 1 1 1 0 1 1 1 0 0 0 1 0 0 0 0 1 1 0 0 1 1 0 0 0 0 0 1 0 1 1 0 0 0 0 0 1 
40 4 1 1 1 1 1 1 1 1 1 0 1 1 1 0 0 1 0 1 0 1 0 0 0 1 1 0 1 1 0 1 0 1 0 0 0 1 1 1 1 1 
40 4 0 0 0 0 1 0 1 0 0 0 0 0 0 0 1 0 1 0 0 0 1 1 1 1 1 0 0 0 1 1 1 1 0 0 0 1 0 1 1 0 
40 6 1 0 1 1 0 1 1 0 1 1 1 0 0 0 1 1 1 1 0 0 0 0 0 0 0 1 0 1 0 0 0 0 1 1 1 1 0 0 1 1 
40 1 1 1 0 1 0 1 0 1 0 1 1 0 1 0 0 1 0 1 1 1 1 1 0 0 1 1 0 1 0 1 1 1 0 0 1 0 1 1 1 1 
40 3 0 1 0 0 1 1 1 0 0 0 1 0 0 1 1 1 1 0 1 0 0 1 0 0 0 0 1 1 1 1 0 0 0 0 0 0 1 1 0 1 
0