21 2 1 0 0 0 1 1 0 1 1 1 1 1 0 0 1 0 0 1 1 1 0 
21 1 1 0 1 0 1 1 1 0 0 0 0 1 0 0 0 1 1 0 0 0 1 
21 3 1 0 0 1 0 0 1 0 0 0 0 1 1 1 1 0 0 1 0 0 0 
21 3 0 1 1 0 1 0 0 0 0 1 0 1 1 0 1 0 1 1 0 1 0 
21 2 1 1 1 1 1 1 1 1 0 0 0 1 0 1 1 0 1 0 0 0 1 
21 4 0 0 1 1 1 1 1 1 1 0 1 0 1 0 0 0 1 0 0 0 1 
21 3 1 1 1 1 1 1 1 0 0 1 0 1 1 1 0 0 0 1 0 1 0 
21 4 1 0 1 1 0 0 1 1 0 0 0 1 1 1 0 0 1 0 0 1 1 
21 6 0 0 1 1 1 1 0 1 0 0 1 1 1 1 1 0 1 0 0 1 1 
21 5 1 0 0 0 0 0 0 0 1 0 0 0 1 1 1 0 1 1 0 0 1 
21 6 0 0 1 1 0 1 0 0 1 1 0 0 0 0 0 0 0 0 0 0 0 
21 5 0 0 0 1 1 0 1 0 1 1 1 0 0 1 1 1 1 1 0 1 1 
21 5 0 1 0 0 1 1 1 0 1 1 0 1 0 1 1 1 0 0 1 1 0 
21 6 0 1 0 0 0 1 1 1 1 1 1 0 0 0 1 1 0 0 0 0 1 
21 1 0 0 1 0 0 0 1 0 0 1 1 0 1 0 1 1 1 1 0 0 1 
21 5 1 0 1 1 0 1 0 1 1 0 1 1 0 1 1 1 1 1 0 0 0 
21 3 0 1 1 0 0 1 0 1 0 1 1 1 1 1 1 1 0 0 1 1 1 
21 4 0 1 0 1 0 0 0 0 0 0 0 1 0 0 1 1 0 1 0 1 0 
21 6 1 1 0 1 0 1 1 1 0 1 0 0 1 1 1 1 1 1 1 1 1 
21 5 0 0 1 0 1 1 1 1 1 0 1 1 0 1 1 1 0 1 0 1 0 
0