43 1 1 1 0 0 0 1 0 0 0 1 0 0 0 1 0 1 0 0 0 1 0 0 0 1 1 0 1 0 1 1 0 1 0 0 1 1 1 1 1 1 0 1 0 
43 2 0 0 0 1 0 1 0 1 1 0 0 0 0 1 0 1 1 1 0 1 1 1 0 1 0 1 0 1 1 0 0 1 0 0 0 1 1 0 0 0 0 0 1 
43 3 0 1 0 1 0 0 0 0 0 1 1 0 0 1 1 1 0 1 1 0 0 1 1 1 0 1 0 0 0 1 1 0 0 1 1 1 1 1 1 1 0 0 0 
43 6 1 1 0 1 1 1 0 1 1 1 0 1 1 0 1 1 1 0 1 0 1 0 1 1 1 0 0 0 0 0 1 1 0 1 1 1 1 1 0 0 0 0 1 
43 4 1 0 0 0 1 1 0 0 1 1 1 1 1 0 1 1 0 0 1 0 1 0 1 0 1 1 0 1 0 1 1 1 0 1 1 1 1 0 1 0 1 1 1 
43 6 1 0 0 1 0 1 0 0 1 1 0 0 1 1 0 1 0 1 0 0 0 1 1 1 1 1 0 1 0 1 0 1 0 0 0 0 0 0 0 1 0 1 0 
43 2 0 0 0 0 1 0 1 1 1 0 1 1 1 1 0 1 0 0 0 0 0 1 1 0 1 1 0 1 0 0 0 0 0 0 1 1 0 0 0 0 0 1 1 
43 1 0 1 1 1 1 0 1 1 1 0 0 0 0 0 0 0 0 0 1 0 1 0 1 1 0 1 1 0 1 0 0 1 1 0 0 0 0 0 0 1 0 0 1 
43 5 0 1 1 0 0 0 0 1 0 1 0 0 0 0 0 1 0 1 1 0 1 1 0 1 1 0 0 0 0 1 0 0 1 1 0 1 1 0 0 1 1 0 1 
43 3 0 0 1 1 1 0 1 0 0 1 1 1 0 1 1 0 0 0 1 1 1 1 0 1 0 0 0 1 1 0 1 1 0 1 0 1 1 1 1 1 1 0 1 
43 2 1 0 1 1 0 0 1 0 0 1 1 0 0 1 1 1 1 1 0 1 0 1 0 1 0 1 1 1 1 0 0 0 0 0 0 1 0 1 1 0 0 0 0 
43 5 1 0 1 1 1 0 0 1 1 1 0 1 0 1 1 0 1 1 0 0 1 0 1 0 1 0 0 0 0 1 0 1 1 0 0 0 0 1 1 1 0 1 0 
43 3 1 1 0 0 1 1 0 0 1 1 0 1 1 1 1 1 0 1 1 1 1 1 1 1 0 0 0 0 1 1 1 0 0 1 1 1 0 1 0 0 1 0 1 
43 5 1 0 0 1 1 1 0 1 0 1 0 1 1 1 1 1 0 0 1 0 0 0 0 0 0 0 0 1 0 1 1 0 1 1 1 1 0 0 0 1 1 0 0 
43 6 1 1 0 1 0 1 0 0 0 0 0 0 0 1 1 0 0 0 0 0 0 0 1 0 0 1 1 1 1 1 0 1 1 0 0 1 0 0 1 0 0 1 0 
43 5 0 1 1 1 1 1 1 1 1 0 0 1 1 1 1 0 1 1 1 0 0 0 1 0 0 0 0 1 1 0 1 0 1 0 1 0 0 0 0 1 0 0 1 
43 6 1 0 1 0 1 1 0 1 1 1 1 1 1 1 0 1 1 0 1 0 0 0 1 0 0 1 0 0 1 1 1 0 1 0 1 0 1 1 0 0 1 1 0 
43 5 1 0 1 0 0 0 1 1 0 0 1 0 1 1 0 0 0 1 0 1 0 1 0 1 1 0 0 0 1 0 0 0 0 0 1 1 0 0 0 1 0 1 1 
43 6 1 0 1 1 1 1 1 1 1 1 1 0 1 1 0 0 1 0 1 1 0 0 0 1 0 0 0 0 0 1 1 1 1 0 0 1 1 1 0 0 0 1 0 
43 6 0 0 0 1 1 1 1 1 1 1 0 1 0 0 1 0 0 0 1 1 0 1 0 1 1 1 0 1 0 0 1 1 1 1 0 0 0 1 1 1 1 0 0 
0