48 2 0 0 0 1 1 0 0 0 0 1 1 1 0 0 1 1 1 0 1 0 1 1 1 0 0 0 0 1 1 0 0 1 0 0 0 0 0 0 0 0 1 0 1 0 0 0 1 1 
48 2 1 0 0 0 1 1 1 0 1 0 1 1 0 0 1 0 0 1 0 0 0 0 0 0 1 0 0 1 1 0 0 0 0 1 1 1 0 0 1 1 0 0 0 0 0 1 0 0 
48 4 0 1 1 0 1 1 1 1 1 0 0 1 1 1 1 0 0 1 0 0 0 1 0 1 1 0 1 0 0 0 1 0 1 0 0 0 1 1 1 1 1 1 0 0 0 0 0 0 
48 4 0 0 1 1 0 0 0 0 0 1 0 0 0 0 1 1 0 1 0 1 0 1 1 1 0 1 0 0 0 0 1 0 1 0 0 1 1 0 0 1 1 0 1 0 1 0 1 1 
48 4 1 1 1 1 0 0 1 1 0 1 1 1 0 0 0 0 0 1 1 0 1 0 0 0 1 0 1 1 1 0 0 0 1 1 1 1 0 0 1 0 1 0 1 1 0 1 0 0 
48 4 1 1 0 0 1 0 1 1 1 1 0 0 1 0 1 1 0 1 1 0 0 1 0 0 1 1 1 0 1 1 1 1 0 0 1 1 0 0 0 0 1 0 0 1 1 1 0 1 
48 3 1 1 0 0 1 1 1 1 0 0 0 1 1 1 0 1 0 1 0 1 0 0 0 0 0 1 1 1 1 0 0 0 0 0 1 1 1 0 0 1 0 1 1 0 0 1 1 1 
48 3 1 0 0 1 0 1 1 0 0 1 1 1 1 0 1 1 1 0 1 1 1 0 0 0 1 0 0 0 1 1 1 1 1 1 0 0 0 0 0 1 1 1 0 0 1 1 1 0 
48 6 0 0 0 1 0 0 0 0 1 1 1 0 0 0 0 1 1 0 0 1 0 1 0 1 1 0 1 0 1 1 1 0 1 0 1 1 0 1 1 1 0 1 0 0 1 0 0 0 
48 3 0 1 0 1 1 1 0 1 0 0 1 0 1 1 1 1 0 1 0 1 0 1 0 1 1 0 1 1 0 1 1 0 1 1 1 0 1 1 0 1 1 1 1 1 0 1 0 0 
48 5 0 1 0 0 1 0 1 0 1 1 0 0 0 1 1 0 0 0 1 0 0 0 1 1 0 0 1 1 1 1 1 1 0 1 1 0 1 1 0 0 0 0 1 0 1 0 0 0 
48 5 1 0 0 0 1 1 0 0 0 1 1 1 0 0 0 1 0 0 1 1 0 1 1 0 0 1 0 1 0 0 1 1 0 0 1 1 1 1 1 0 0 0 1 0 1 1 0 1 
48 4 1 0 1 0 1 0 1 0 0 0 0 0 1 0 0 1 1 1 1 1 1 1 1 1 0 0 0 0 0 1 1 1 1 1 1 0 1 0 1 1 0 1 1 0 1 1 1 1 
48 5 0 0 1 1 1 1 0 1 1 0 1 1 1 0 0 0 0 1 1 0 0 0 1 1 1 1 1 0 0 0 1 1 0 0 0 1 1 0 1 1 0 0 0 0 1 0 0 1 
48 2 0 1 1 0 0 1 0 1 0 0 0 0 1 1 0 0 1 1 1 0 0 0 0 1 0 0 0 1 1 1 0 1 0 0 1 1 1 1 0 1 0 0 1 1 1 1 1 1 
48 5 1 1 1 1 1 0 0 0 0 1 1 1 1 0 1 1 1 0 0 1 1 1 1 1 0 0 1 1 0 0 0 1 1 1 0 0 1 0 0 1 1 1 0 1 1 1 0 1 
48 3 1 0 1 0 1 0 1 1 1 0 1 1 0 0 0 1 1 1 0 1 1 1 1 1 1 0 0 1 0 1 1 1 1 0 0 0 0 1 0 0 1 1 1 0 0 0 1 1 
48 6 0 0 0 1 1 1 1 1 0 0 0 1 1 1 1 1 1 1 1 0 1 1 0 1 1 0 1 1 1 0 0 1 0 0 1 0 0 0 1 0 0 1 1 1 1 0 0 0 
48 5 1 1 1 1 1 0 0 1 1 1 0 1 1 0 0 1 1 0 1 1 1 1 1 1 1 0 0 1 0 0 1 1 1 1 0 0 1 0 1 1 1 0 0 0 0 0 0 1 
48 5 1 0 0 1 1 1 0 1 1 1 1 1 1 0 1 0 1 1 1 1 1 0 1 1 1 1 1 1 1 0 0 1 0 0 0 1 1 0 0 0 1 1 1 0 1 0 0 0 
0