49 3 0 0 1 0 1 0 1 0 1 1 0 1 1 1 1 1 1 0 0 1 0 0 0 1 1 1 0 0 1 1 0 1 1 1 0 0 1 1 0 0 0 0 1 1 1 0 0 0 0 
49 3 1 0 0 0 1 0 1 1 0 0 0 0 0 1 1 0 1 0 1 0 0 0 0 1 1 0 1 0 0 1 0 0 1 1 0 0 1 1 1 1 1 0 1 1 1 0 1 1 0 
49 6 1 0 1 1 1 0 1 0 0 0 1 1 0 0 0 0 0 1 1 1 0 0 1 1 0 1 1 1 0 1 0 1 1 1 0 0 0 0 0 0 0 1 1 0 1 1 0 1 0 
49 6 0 0 1 0 1 1 1 0 1 1 1 1 0 0 1 0 0 1 0 0 1 0 1 1 0 0 0 0 1 1 1 0 1 1 0 1 0 1 1 1 0 1 1 0 1 0 0 0 1 
49 2 0 0 1 0 1 0 0 0 0 0 1 0 0 0 1 0 1 1 1 1 1 1 0 0 1 1 0 1 1 1 0 0 1 0 0 1 0 0 1 0 0 0 0 0 0 1 0 0 1 
49 4 1 0 0 1 0 1 0 0 1 0 1 1 0 0 1 0 1 1 0 0 0 1 0 0 1 1 0 0 1 1 1 0 1 0 1 1 1 1 1 0 1 0 0 1 0 1 1 0 1 
49 5 0 1 1 1 1 0 0 1 0 1 0 0 1 1 0 0 0 1 1 1 0 1 1 0 0 0 1 0 0 0 0 0 1 1 1 1 1 1 0 0 0 1 0 1 0 0 1 1 1 
49 4 0 1 0 0 1 0 0 1 0 0 1 0 0 1 1 0 0 1 1 0 1 0 1 1 1 0 1 1 1 0 0 1 0 0 1 1 0 1 0 1 1 0 1 0 1 1 0 1 0 
49 2 1 1 1 1 0 1 1 1 0 0 1 0 1 1 0 1 1 0 0 1 1 0 1 1 0 0 0 0 1 0 1 1 1 1 0 1 0 1 0 0 1 1 0 0 1 0 1 0 0 
49 1 1 0 0 1 1 0 1 1 0 1 1 1 0 0 0 0 1 0 1 1 0 0 0 0 0 1 0 0 1 1 0 1 1 0 0 0 0 1 1 0 0 0 1 0 0 0 0 1 0 
49 6 0 1 1 0 1 0 0 0 0 1 1 0 0 0 0 0 0 0 0 1 0 0 1 1 1 1 1 1 0 0 1 0 1 0 0 0 0 0 0 0 0 1 0 0 1 0 1 1 0 
49 4 0 0 1 1 0 0 0 1 0 0 1 1 0 0 1 1 1 0 1 1 0 1 1 1 0 0 1 1 0 0 0 0 0 1 0 0 0 0 0 0 1 1 1 1 0 0 0 1 0 
49 3 0 1 1 1 0 1 0 1 0 0 1 0 0 0 0 0 0 0 1 0 0 0 0 1 1 0 1 0 1 0 0 1 1 1 1 1 1 1 0 1 1 0 0 1 0 0 0 0 0 
49 4 1 0 1 1 1 0 1 0 0 0 0 0 1 1 0 0 0 1 1 1 0 0 1 0 0 1 0 0 1 0 1 0 0 0 1 1 0 0 0 1 0 0 1 0 0 1 0 0 0 
49 5 1 1 0 0 1 0 1 0 0 1 0 1 1 1 1 1 0 0 1 0 1 0 1 0 0 1 0 0 1 0 0 1 1 1 1 1 1 1 1 0 0 1 1 1 0 1 0 1 1 
49 5 1 0 0 0 0 0 1 0 0 1 1 1 0 0 0 1 1 1 0 0 1 0 0 1 0 0 0 0 1 1 0 1 1 0 1 1 0 1 0 1 0 1 0 0 1 0 1 1 1 
49 1 1 1 0 1 0 0 0 0 1 1 1 1 0 0 0 0 1 0 1 1 1 1 0 1 1 0 1 0 1 1 0 0 0 1 0 0 1 0 0 0 1 1 0 0 1 0 0 0 0 
49 2 0 0 0 0 1 1 0 1 1 1 0 0 0 0 1 0 0 0 0 0 1 1 1 1 1 0 1 1 0 1 0 0 1 0 1 1 1 1 0 1 1 0 1 1 0 0 1 0 0 
49 4 0 1 0 1 0 0 1 1 1 1 1 0 0 0 0 1 1 0 0 1 1 1 1 0 0 1 0 1 1 0 0 1 0 1 0 0 1 1 0 0 1 1 0 1 1 1 0 1 1 
49 3 0 0 0 0 0 0 1 0 0 1 0 0 0 0 1 1 1 0 0 1 1 1 0 1 0 1 0 0 0 1 1 1 1 1 1 1 1 0 1 1 1 0 0 0 0 1 1 1 0 
0