19 5 0 1 1 1 0 0 1 1 1 0 1 1 1 1 1 0 0 0 1 
19 2 1 0 0 1 0 0 0 1 0 0 1 0 0 1 0 0 1 1 1 
19 3 1 0 1 0 0 0 1 0 0 0 1 1 0 1 0 0 0 0 0 
19 1 1 1 0 1 0 0 1 1 1 1 1 1 1 0 1 1 0 0 1 
19 5 0 1 1 0 0 1 1 0 0 1 0 1 0 1 0 1 1 1 0 
19 4 0 0 0 0 0 1 1 1 0 1 1 0 0 1 1 0 0 0 1 
19 3 1 1 1 1 0 1 0 0 1 1 1 1 1 1 1 1 0 1 0 
19 1 0 0 1 0 1 0 0 1 0 1 0 1 1 1 0 1 1 1 1 
19 5 0 0 1 1 1 1 0 0 0 1 0 0 1 1 0 0 1 0 1 
19 6 0 1 0 1 1 1 0 0 0 0 0 0 0 1 1 0 0 1 0 
19 3 0 0 0 1 0 0 1 1 1 1 1 1 0 1 0 1 0 0 1 
19 5 0 1 0 1 1 1 1 1 1 1 0 1 1 0 1 1 1 0 1 
19 3 1 0 1 0 1 1 1 0 1 1 0 0 0 1 1 1 0 0 1 
19 6 1 1 1 0 1 0 0 0 0 1 0 0 1 1 0 0 0 1 0 
19 3 0 1 0 1 0 1 0 0 1 1 0 0 0 1 0 0 1 0 0 
19 4 1 1 1 0 0 1 1 1 1 1 1 1 0 1 0 0 0 1 1 
19 4 0 1 1 1 0 1 1 1 0 1 0 1 0 0 0 1 1 1 0 
19 5 0 1 0 1 0 0 1 0 1 0 1 0 1 0 1 1 1 0 0 
19 6 1 1 1 0 1 1 1 0 0 1 1 0 0 1 1 0 1 1 0 
19 4 1 1 1 1 1 0 0 0 0 1 0 1 0 1 1 1 0 0 1 
0