18 1 1 1 0 1 1 1 0 1 0 0 0 0 0 1 1 0 1 0 
18 2 1 0 0 1 0 1 1 1 0 0 0 0 1 1 0 1 1 1 
18 6 0 1 1 0 0 1 1 1 1 0 0 1 1 0 1 0 1 0 
18 2 0 0 0 0 0 1 0 1 0 1 0 1 1 0 0 1 0 0 
18 5 1 1 0 1 0 0 0 1 0 1 0 0 1 0 0 1 1 1 
18 6 0 0 0 0 1 1 0 0 0 0 0 0 0 1 1 1 0 1 
18 6 1 1 0 1 1 1 0 1 1 1 1 0 1 1 1 1 0 0 
18 1 0 1 0 0 1 0 0 0 0 0 1 1 1 1 0 1 0 1 
18 6 0 0 0 1 1 1 0 0 0 0 0 0 1 1 1 1 1 1 
18 2 1 1 1 1 1 1 0 1 0 0 0 1 0 1 1 1 0 0 
18 6 0 0 0 0 1 1 0 0 0 1 1 0 0 1 1 1 0 0 
18 2 1 0 0 1 1 0 0 0 0 0 0 1 0 1 1 1 0 0 
18 4 0 1 0 1 1 0 0 0 0 0 1 1 1 1 1 1 1 0 
18 4 1 0 0 0 1 0 1 1 1 1 1 0 1 0 0 0 1 1 
18 4 0 1 1 1 0 1 0 0 0 1 0 1 1 0 1 1 1 0 
18 1 0 1 1 0 0 0 0 0 0 0 1 1 0 0 1 1 1 0 
18 2 1 0 1 1 1 0 1 1 1 0 1 1 1 0 0 1 0 0 
18 2 1 0 1 0 0 1 1 1 0 0 1 0 1 1 1 0 0 1 
18 2 1 0 1 0 1 0 1 1 1 1 1 1 0 1 0 1 1 0 
18 3 0 0 0 1 0 1 0 1 1 1 0 0 0 0 1 1 1 0 
0