29 5 0 0 1 0 0 0 1 1 0 0 0 0 0 0 0 1 1 0 1 0 1 1 0 1 0 0 0 0 1 
29 5 0 0 0 1 0 0 1 1 0 1 0 0 1 0 1 0 1 0 0 1 1 0 0 1 1 0 0 1 0 
29 4 1 0 1 1 1 1 0 1 1 0 0 1 0 0 1 1 0 1 0 0 0 1 0 0 0 1 0 0 1 
29 1 0 0 0 1 0 1 1 0 0 0 0 1 1 0 1 0 0 1 1 0 1 1 1 0 1 1 1 1 0 
29 3 1 0 1 1 1 1 1 0 1 1 0 1 0 1 1 1 0 1 0 1 1 0 1 0 0 0 0 1 0 
29 5 0 1 0 1 1 1 0 0 0 1 1 0 0 0 0 1 1 0 1 0 1 0 0 0 1 0 1 1 1 
29 6 1 1 0 1 0 1 0 0 1 0 1 1 1 1 1 1 1 0 1 0 0 0 0 0 1 1 0 0 0 
29 1 1 1 1 1 0 0 1 1 0 0 1 0 1 0 1 0 1 0 1 0 0 1 1 1 0 0 0 0 0 
29 6 0 1 0 0 0 1 0 1 0 0 0 1 0 1 0 0 0 1 0 1 0 1 0 1 0 0 1 0 1 
29 4 1 1 0 0 1 0 1 1 0 1 0 0 0 0 1 0 0 1 0 1 0 0 0 1 1 0 1 0 0 
29 3 1 0 0 1 0 1 1 1 1 1 0 1 1 0 1 1 1 0 0 1 1 1 1 1 0 0 1 1 0 
29 4 0 1 1 0 0 1 1 1 0 0 1 0 1 0 1 1 1 0 1 0 1 0 1 0 1 1 0 0 0 
29 3 1 0 1 1 0 1 0 0 0 1 0 1 1 0 0 0 1 1 0 0 1 1 0 0 1 1 1 1 1 
29 5 1 0 0 0 1 1 1 0 1 0 1 1 1 0 1 1 1 0 1 1 0 0 1 0 1 0 1 0 0 
29 1 0 1 1 1 0 0 0 1 0 1 1 1 0 1 0 0 0 1 0 1 0 1 0 1 1 1 0 1 1 
29 1 1 0 1 0 1 1 1 1 1 1 0 0 1 0 1 1 0 0 0 1 1 0 0 1 0 1 0 0 0 
29 3 0 0 0 1 0 1 1 1 0 0 1 0 0 0 0 0 1 1 0 1 0 1 1 0 1 1 1 1 1 
29 1 1 1 0 1 1 0 0 0 0 0 0 1 0 0 1 1 0 0 0 0 1 0 0 0 0 1 0 1 0 
29 6 1 0 1 1 1 0 0 0 0 0 0 0 1 1 0 0 0 1 0 0 1 1 0 1 1 0 0 1 1 
29 4 1 1 1 0 0 0 0 0 0 0 0 1 0 1 0 0 1 0 1 1 0 1 0 0 0 0 0 1 1 
0