23 5 0 0 0 1 1 0 0 0 0 1 1 0 0 1 1 0 0 1 0 1 0 1 1 
23 6 1 1 1 0 1 0 0 1 0 1 0 1 1 0 0 1 1 1 1 1 0 0 1 
23 3 0 1 1 0 1 0 0 0 0 1 1 1 0 1 0 0 0 0 0 1 0 0 0 
23 6 1 1 1 1 0 0 1 0 0 0 0 1 0 0 1 0 0 0 1 0 0 1 0 
23 1 1 0 0 1 0 0 1 1 0 0 0 0 0 1 0 0 1 0 1 0 1 1 0 
23 4 1 0 1 1 1 1 0 1 0 0 0 0 0 1 0 0 1 0 0 0 0 0 0 
23 6 1 0 1 0 1 0 1 0 0 0 0 1 1 0 0 1 0 1 0 0 0 0 1 
23 3 0 1 0 0 0 0 0 1 0 1 1 1 1 0 0 1 0 0 1 1 0 1 1 
23 1 0 1 0 1 1 1 1 1 1 1 0 1 1 0 0 0 1 1 1 1 1 1 0 
23 6 1 1 0 1 1 1 1 1 0 0 0 1 1 1 1 0 0 1 1 0 1 1 0 
23 3 0 1 1 1 1 0 0 0 1 1 0 0 0 1 0 1 1 0 0 1 0 1 1 
23 1 0 1 0 1 0 0 0 1 0 1 0 1 1 1 1 1 0 1 1 0 1 1 1 
23 3 0 0 1 0 1 1 0 0 0 1 1 0 1 1 1 1 1 0 0 0 1 0 1 
23 6 1 1 1 0 0 1 1 0 1 0 0 0 1 1 0 1 0 0 0 1 1 1 1 
23 3 1 1 1 0 1 0 1 1 1 1 1 0 0 0 0 1 1 1 1 0 0 0 0 
23 3 0 0 1 1 1 0 0 1 0 1 1 1 1 1 0 1 0 0 1 0 0 1 1 
23 2 0 0 0 0 0 0 0 0 0 0 0 1 0 0 0 0 1 0 0 0 1 0 1 
23 4 0 0 1 1 0 0 0 0 0 0 1 1 0 1 1 0 1 1 0 0 1 0 0 
23 1 0 0 1 1 1 0 0 1 1 1 0 1 1 1 1 0 1 0 1 0 0 0 0 
23 6 0 0 1 1 1 0 0 1 0 1 1 1 1 1 1 0 1 1 1 0 0 1 0 
0